Date,Location,Team,OppTeam,TeamId,GameId,PercentBet_ML,Open_Line_ML,Pinnacle_ML,5dimes_ML,Heritage_ML,Bovada_ML,Betonline_ML,Average_Line_ML,Best_Line_ML,Worst_Line_ML,PercentBet_Spread,Open_Line_Spread,Open_Odds_Spread,Pinnacle_Line_Spread,Pinnacle_Odds_Spread,5dimes_Line_Spread,5dimes_Odds_Spread,Heritage_Line_Spread,Heritage_Odds_Spread,Bovada_Line_Spread,Bovada_Odds_Spread,Betonline_Line_Spread,Betonline_Odds_Spread,Average_Line_Spread,Average_Odds_Spread,Best_Line_Spread,Worst_Line_Spread,Best_Odds_Spread,Worst_Odds_Spread,PercentBet_OU,Open_Line_OU,Open_Odds_OU,Pinnacle_Line_OU,Pinnacle_Odds_OU,5dimes_Line_OU,5dimes_Odds_OU,Heritage_Line_OU,Heritage_Odds_OU,Bovada_Line_OU,Bovada_Odds_OU,Betonline_Line_OU,Betonline_Odds_OU,Average_Line_OU,Average_Odds_OU,Best_Line_OU,Worst_Line_OU,Best_Odds_OU,Worst_Odds_OU,Pts,Spread,Result,Total
2016-04-16,away,Indiana,Toronto,1610612754,0041500111,43.5,240,270,255,260,265.0,250,260.0,270.0,250.0,41.1,6.0,-110,7.0,-106,7.0,-110,7.0,-105,7.0,-110,7.0,-110,6.83,-108.5,7.0,6.0,-105,-110,53.0,195.0,-110,195.0,-104,195.0,-110,195.5,-105,196,-110,195.0,-110,195.25,-108.17,196.0,195.0,-104,-110,100,10,W,190
2016-04-16,home,Toronto,Indiana,1610612761,0041500111,56.5,-285,-307,-310,-320,-330.0,-300,-313.4,-300.0,-330.0,58.9,-6.0,-110,-7.0,-104,-7.0,-110,-7.0,-105,-7.0,-110,-7.0,-110,-6.83,-108.17,-6.0,-7.0,-104,-110,47.0,195.0,-110,195.0,-106,195.0,-110,195.5,-105,196,-110,195.0,-110,195.25,-108.5,196.0,195.0,-105,-110,90,-10,L,190
2016-04-16,away,Boston,Atlanta,1610612738,0041500131,59.5,175,200,180,190,165.0,185,184.0,200.0,165.0,54.0,4.5,-110,5.5,-102,5.5,-110,5.5,-105,5.0,-105,5.5,-110,5.25,-107.0,5.5,4.5,-102,-110,0.0,207.0,-110,206.0,-105,206.0,-110,206.5,-105,206,-110,206.0,-110,206.25,-108.33,207.0,206.0,-105,-110,101,-1,L,203
2016-04-16,home,Atlanta,Boston,1610612737,0041500131,40.5,-205,-224,-220,-225,-190.0,-215,-214.8,-190.0,-225.0,46.0,-4.5,-110,-5.5,-108,-5.5,-110,-5.5,-105,-5.0,-115,-5.5,-110,-5.25,-109.67,-4.5,-5.5,-105,-115,100.0,207.0,-110,206.0,-105,206.0,-110,206.5,-105,206,-110,206.0,-110,206.25,-108.33,207.0,206.0,-105,-110,102,1,W,203
2016-04-16,away,Houston,Golden State,1610612745,0041500141,55.3,825,901,775,900,,875,862.75,901.0,775.0,42.9,14.0,-110,13.0,-103,13.0,-110,13.0,-105,13.5,-110,13.0,-110,13.25,-108.0,14.0,13.0,-103,-110,51.4,226.0,-110,224.5,-113,224.5,-110,225.0,-105,226,-105,224.5,-110,225.08,-108.83,226.0,224.5,-105,-113,78,-26,L,182
2016-04-16,home,Golden State,Houston,1610612744,0041500141,44.7,-1200,-1224,-1200,-1250,,-1300,-1243.5,-1200.0,-1300.0,57.1,-14.0,-110,-13.0,-107,-13.0,-110,-13.0,-105,-13.5,-110,-13.0,-110,-13.25,-108.67,-13.0,-14.0,-105,-110,48.6,226.0,-110,224.5,-102,224.5,-110,225.0,-105,226,-115,224.5,-110,225.08,-108.67,226.0,224.5,-102,-115,104,26,W,182
2016-04-16,away,Dallas,Oklahoma City,1610612742,0041500161,52.5,635,736,650,740,,725,712.75,740.0,650.0,53.3,12.5,-110,12.5,-105,12.5,-110,12.5,-105,12.0,-110,12.5,-115,12.42,-109.17,12.5,12.0,-105,-115,45.4,213.0,-110,206.0,-105,206.0,-110,206.5,-105,207,-110,206.0,-110,207.42,-108.33,213.0,206.0,-105,-110,70,-38,L,178
2016-04-16,home,Oklahoma City,Dallas,1610612760,0041500161,47.5,-850,-950,-1000,-1040,,-1000,-997.5,-950.0,-1040.0,46.7,-12.5,-110,-12.5,-105,-12.5,-110,-12.5,-105,-12.0,-110,-12.5,-105,-12.42,-107.5,-12.0,-12.5,-105,-110,54.6,213.0,-110,206.0,-105,206.0,-110,206.5,-105,207,-110,206.0,-110,207.42,-108.33,213.0,206.0,-105,-110,108,38,W,178
2016-04-17,away,Detroit,Cleveland,1610612765,0041500101,53.0,510,622,575,600,,575,593.0,622.0,575.0,45.6,11.0,-110,11.0,-100,11.0,-110,11.0,-105,11.5,-115,11.0,-109,11.08,-108.17,11.5,11.0,-100,-115,50.0,203.0,-110,200.0,-108,200.5,-110,200.5,-105,201,-110,200.5,-110,200.92,-108.83,203.0,200.0,-105,-110,101,-5,L,207
2016-04-17,home,Cleveland,Detroit,1610612739,0041500101,47.0,-660,-777,-850,-750,,-750,-781.75,-750.0,-850.0,54.4,-11.0,-110,-11.0,-110,-11.0,-110,-11.0,-105,-11.5,-105,-11.0,-111,-11.08,-108.5,-11.0,-11.5,-105,-111,50.0,203.0,-110,200.0,-102,200.5,-110,200.5,-105,201,-110,200.5,-110,200.92,-107.83,203.0,200.0,-102,-110,106,5,W,207
2016-04-17,away,Charlotte,Miami,1610612766,0041500121,53.2,165,177,170,170,165.0,175,171.4,177.0,165.0,41.3,4.5,-110,4.5,-106,4.5,-110,4.5,-105,4.5,-105,4.5,-110,4.5,-107.67,4.5,4.5,-105,-110,0.0,204.0,-110,199.0,-103,198.5,-110,198.5,-105,199,-110,198.5,-105,199.58,-107.17,204.0,198.5,-103,-110,91,-32,L,214
2016-04-17,home,Miami,Charlotte,1610612748,0041500121,46.8,-190,-197,-200,-200,-190.0,-205,-198.4,-190.0,-205.0,58.7,-4.5,-110,-4.5,-104,-4.5,-110,-4.5,-105,-4.5,-115,-4.5,-110,-4.5,-109.0,-4.5,-4.5,-104,-115,100.0,204.0,-110,199.0,-114,198.5,-110,198.5,-105,199,-110,198.5,-115,199.58,-110.67,204.0,198.5,-105,-115,123,32,W,214
2016-04-17,away,Memphis,San Antonio,1610612763,0041500151,57.9,1350,2173,1500,2310,,1700,1920.75,2310.0,1500.0,0.0,14.5,-110,17.0,-105,17.0,-110,17.5,-105,17.0,-105,17.5,-115,16.75,-108.33,17.5,14.5,-105,-115,0.0,193.0,-110,187.5,-103,188.5,-110,188.0,-105,189,-110,188.5,-110,189.08,-108.0,193.0,187.5,-103,-110,74,-32,L,180
2016-04-17,home,San Antonio,Memphis,1610612759,0041500151,42.1,-2500,-5000,-3000,-3660,,-5000,-4165.0,-3000.0,-5000.0,100.0,-14.5,-110,-17.0,-116,-17.0,-110,-17.5,-105,-17.0,-115,-17.5,-105,-16.75,-110.17,-14.5,-17.5,-105,-116,100.0,193.0,-110,187.5,-107,188.5,-110,188.0,-105,189,-110,188.5,-110,189.08,-108.67,193.0,187.5,-105,-110,106,32,W,180
2016-04-17,away,Portland,L.A. Clippers,1610612757,0041500171,50.0,330,390,410,375,315.0,395,377.0,410.0,315.0,53.3,6.0,-110,8.5,-100,8.5,-102,9.0,-110,8.5,-110,8.5,-105,8.17,-106.17,9.0,6.0,-100,-110,50.0,209.0,-110,210.5,-101,210.5,-107,210.0,-105,211,-115,210.5,-110,210.25,-108.0,211.0,209.0,-101,-115,95,-20,L,210
2016-04-17,home,L.A. Clippers,Portland,1610612746,0041500171,50.0,-400,-457,-460,-465,-430.0,-470,-456.4,-430.0,-470.0,46.7,-6.0,-110,-8.5,-110,-8.5,-108,-9.0,-100,-8.5,-110,-8.5,-115,-8.17,-108.83,-6.0,-9.0,-100,-115,50.0,209.0,-110,210.5,-111,210.5,-103,210.0,-105,211,-105,210.5,-110,210.25,-107.33,211.0,209.0,-103,-111,115,20,W,210
2016-04-18,away,Indiana,Toronto,1610612754,0041500112,50.0,270,326,320,345,300.0,325,323.2,345.0,300.0,7.4,7.0,-110,7.5,-104,8.0,-110,8.5,-110,8.0,-110,8.0,-110,7.83,-109.0,8.5,7.0,-104,-110,63.7,193.0,-110,195.5,-105,195.0,-110,195.5,-105,195,-115,195.0,-110,194.83,-109.17,195.5,193.0,-105,-115,87,-11,L,185
2016-04-18,home,Toronto,Indiana,1610612761,0041500112,50.0,-325,-375,-390,-425,-400.0,-385,-395.0,-375.0,-425.0,92.6,-7.0,-110,-7.5,-115,-8.0,-110,-8.5,-100,-8.0,-110,-8.0,-110,-7.83,-109.17,-7.0,-8.5,-100,-115,36.3,193.0,-110,195.5,-105,195.0,-110,195.5,-105,195,-105,195.0,-110,194.83,-107.5,195.5,193.0,-105,-110,98,11,W,185
2016-04-18,away,Houston,Golden State,1610612745,0041500142,64.7,875,346,335,330,310.0,330,330.2,346.0,310.0,5.7,12.5,-110,8.5,-114,8.5,-110,8.0,-105,9.0,-115,8.5,-115,9.17,-111.5,12.5,8.0,-105,-115,0.0,221.5,-110,211.5,-105,211.0,-110,211.5,-105,210,-110,211.5,-110,212.83,-108.33,221.5,210.0,-105,-110,106,-9,L,221
2016-04-18,home,Golden State,Houston,1610612744,0041500142,35.3,-1300,-400,-420,-410,-420.0,-400,-410.0,-400.0,-420.0,94.3,-12.5,-110,-8.5,-103,-8.5,-110,-8.0,-105,-9.0,-105,-8.5,-105,-9.17,-106.33,-8.0,-12.5,-103,-110,100.0,221.5,-110,211.5,-105,211.0,-110,211.5,-105,210,-110,211.5,-110,212.83,-108.33,221.5,210.0,-105,-110,115,9,W,221
2016-04-18,away,Dallas,Oklahoma City,1610612742,0041500162,51.3,825,1102,1075,1015,,1025,1054.25,1102.0,1015.0,39.0,13.0,-110,14.0,-110,14.0,-110,14.0,-105,14.5,-110,14.0,-110,13.92,-109.17,14.5,13.0,-105,-110,58.5,201.0,-110,203.0,-107,203.0,-110,203.5,-105,204,-110,203.0,-110,202.92,-108.67,204.0,201.0,-105,-110,85,1,W,169
2016-04-18,home,Oklahoma City,Dallas,1610612760,0041500162,48.7,-1200,-1600,-1650,-1415,,-1600,-1566.25,-1415.0,-1650.0,61.0,-13.0,-110,-14.0,-100,-14.0,-110,-14.0,-105,-14.5,-110,-14.0,-110,-13.92,-107.5,-13.0,-14.5,-100,-110,41.5,201.0,-110,203.0,-103,203.0,-110,203.5,-105,204,-110,203.0,-110,202.92,-108.0,204.0,201.0,-103,-110,84,-1,L,169
2016-04-19,away,Boston,Atlanta,1610612738,0041500132,44.8,205,219,225,220,215.0,210,217.8,225.0,210.0,55.9,6.0,-110,6.0,-103,6.5,-110,6.0,-105,6.0,-105,6.0,-110,6.08,-107.17,6.5,6.0,-103,-110,55.9,206.5,-110,205.5,-108,205.5,-110,206.0,-105,206,-115,205.5,-110,205.83,-109.67,206.5,205.5,-105,-115,72,-17,L,161
2016-04-19,home,Atlanta,Boston,1610612737,0041500132,55.2,-245,-246,-265,-270,-255.0,-250,-257.2,-246.0,-270.0,44.1,-6.0,-110,-6.0,-107,-6.5,-110,-6.0,-105,-6.0,-115,-6.0,-110,-6.08,-109.5,-6.0,-6.5,-105,-115,44.1,206.5,-110,205.5,-102,205.5,-110,206.0,-105,206,-105,205.5,-110,205.83,-107.0,206.5,205.5,-102,-110,89,17,W,161
2016-04-19,away,Memphis,San Antonio,1610612763,0041500152,71.8,3000,2800,2400,1900,,2500,2400.0,2800.0,1900.0,52.5,18.5,-110,17.5,-106,17.5,-110,17.5,-105,18.0,-115,17.5,-110,17.75,-109.33,18.5,17.5,-105,-115,0.0,187.0,-110,186.0,-102,185.5,-110,185.0,-105,187,-110,185.5,-110,186.0,-107.83,187.0,185.0,-102,-110,68,-26,L,162
2016-04-19,home,San Antonio,Memphis,1610612759,0041500152,28.2,-10000,-7000,-4800,-5900,,-8000,-6425.0,-4800.0,-8000.0,47.5,-18.5,-110,-17.5,-104,-17.5,-110,-17.5,-105,-18.0,-105,-17.5,-110,-17.75,-107.33,-17.5,-18.5,-104,-110,100.0,187.0,-110,186.0,-113,185.5,-110,185.0,-105,187,-110,185.5,-110,186.0,-109.67,187.0,185.0,-105,-113,94,26,W,162
2016-04-20,away,Detroit,Cleveland,1610612765,0041500102,0.0,445,587,550,615,400.0,560,542.4,615.0,400.0,45.6,10.5,-110,10.5,-100,11.0,-110,11.0,-105,11.0,-110,11.0,-115,10.83,-108.33,11.0,10.5,-100,-115,0.0,202.0,-110,202.0,-102,202.0,-110,202.0,-105,202,-115,202.0,-110,202.0,-108.67,202.0,202.0,-102,-115,90,-17,L,197
2016-04-20,home,Cleveland,Detroit,1610612739,0041500102,100.0,-550,-725,-800,-815,-600.0,-725,-733.0,-600.0,-815.0,54.4,-10.5,-110,-10.5,-110,-11.0,-110,-11.0,-105,-11.0,-110,-11.0,-105,-10.83,-108.33,-10.5,-11.0,-105,-110,100.0,202.0,-110,202.0,-108,202.0,-110,202.0,-105,202,-105,202.0,-110,202.0,-108.0,202.0,202.0,-105,-110,107,17,W,197
2016-04-20,away,Charlotte,Miami,1610612766,0041500122,0.0,175,175,170,175,180.0,183,176.6,183.0,170.0,37.3,5.0,-110,5.0,-108,5.0,-110,5.0,-105,5.5,-105,4.5,-105,5.0,-107.17,5.5,4.5,-105,-110,4.9,202.5,-110,198.0,-102,198.0,-110,197.0,-105,198,-115,197.0,-110,198.42,-108.67,202.5,197.0,-102,-115,103,-12,L,218
2016-04-20,home,Miami,Charlotte,1610612748,0041500122,100.0,-205,-195,-200,-200,-220.0,-213,-205.6,-195.0,-220.0,62.7,-5.0,-110,-5.0,-102,-5.0,-110,-5.0,-105,-5.5,-115,-4.5,-115,-5.0,-109.5,-4.5,-5.5,-102,-115,95.1,202.5,-110,198.0,-113,198.0,-110,197.0,-105,198,-105,197.0,-110,198.42,-108.83,202.5,197.0,-105,-113,115,12,W,218
2016-04-20,away,Portland,L.A. Clippers,1610612757,0041500172,53.8,340,353,335,340,300.0,340,333.6,353.0,300.0,9.1,8.5,-110,8.5,-102,8.5,-110,8.5,-105,9.0,-115,8.5,-115,8.58,-109.5,9.0,8.5,-102,-115,45.9,206.0,-110,210.0,-104,210.5,-110,211.0,-105,211,-105,210.5,-110,209.83,-107.33,211.0,206.0,-104,-110,81,-21,L,183
2016-04-20,home,L.A. Clippers,Portland,1610612746,0041500172,46.2,-410,-409,-420,-420,-400.0,-410,-411.8,-400.0,-420.0,90.9,-8.5,-110,-8.5,-108,-8.5,-110,-8.5,-105,-9.0,-105,-8.5,-105,-8.58,-107.17,-8.5,-9.0,-105,-110,54.1,206.0,-110,210.0,-106,210.5,-110,211.0,-105,211,-115,210.5,-110,209.83,-109.33,211.0,206.0,-105,-115,102,21,W,183
2016-04-21,away,Toronto,Indiana,1610612761,0041500113,0.0,-115,-105,-103,100,,-110,-54.5,100.0,-110.0,45.2,-1.0,-110,-1.0,-100,0.0,-110,1.0,-105,-1.0,-110,0.0,-110,-0.33,-107.5,1.0,-1.0,-100,-110,48.9,193.0,-110,194.0,-105,194.5,-110,194.5,-105,195,-110,194.5,-110,194.25,-108.33,195.0,193.0,-105,-110,101,16,W,186
2016-04-21,home,Indiana,Toronto,1610612754,0041500113,100.0,-105,-105,-107,-120,,-110,-110.5,-105.0,-120.0,54.8,1.0,-110,1.0,-110,0.0,-110,-1.0,-105,1.0,-110,0.0,-110,0.33,-109.17,1.0,-1.0,-105,-110,51.1,193.0,-110,194.0,-105,194.5,-110,194.5,-105,195,-110,194.5,-110,194.25,-108.33,195.0,193.0,-105,-110,85,-16,L,186
2016-04-21,away,Golden State,Houston,1610612744,0041500143,52.3,-225,-220,-155,-165,-175.0,-165,-176.0,-155.0,-220.0,62.1,-6.0,-105,-5.5,-105,-3.5,-105,-3.5,-105,-5.0,-105,-3.5,-110,-4.5,-105.83,-3.5,-6.0,-105,-110,44.9,217.0,-110,215.5,-110,215.5,-107,215.5,-105,216,-110,215.5,-110,215.83,-108.67,217.0,215.5,-105,-110,96,-1,L,193
2016-04-21,home,Houston,Golden State,1610612745,0041500143,47.7,195,197,145,145,155.0,145,157.4,197.0,145.0,37.9,6.0,-115,5.5,-105,3.5,-105,3.5,-105,5.0,-115,3.5,-110,4.5,-109.17,6.0,3.5,-105,-115,55.1,217.0,-110,215.5,-100,215.5,-103,215.5,-105,216,-110,215.5,-110,215.83,-106.33,217.0,215.5,-100,-110,97,1,W,193
2016-04-21,away,Oklahoma City,Dallas,1610612760,0041500163,44.9,-360,-475,-525,-560,-600.0,-500,-532.0,-475.0,-600.0,45.2,-8.0,-110,-9.5,-100,-9.5,-110,-9.5,-105,-10.0,-105,-9.5,-105,-9.33,-105.83,-8.0,-10.0,-100,-110,50.8,197.5,-110,197.5,-108,199.0,-110,198.5,-105,199,-105,198.5,-110,198.33,-108.0,199.0,197.5,-105,-110,131,29,W,233
2016-04-21,home,Dallas,Oklahoma City,1610612742,0041500163,55.1,300,404,415,435,400.0,405,411.8,435.0,400.0,54.8,8.0,-110,9.5,-110,9.5,-110,9.5,-105,10.0,-115,9.5,-115,9.33,-110.83,10.0,8.0,-105,-115,49.2,197.5,-110,197.5,-102,199.0,-110,198.5,-105,199,-115,198.5,-110,198.33,-108.67,199.0,197.5,-102,-115,102,-29,L,233
2016-04-22,away,Cleveland,Detroit,1610612739,0041500103,49.4,-175,-195,-190,-195,-210.0,-195,-197.0,-190.0,-210.0,57.2,-4.0,-110,-4.5,-111,-4.5,-110,-4.5,-105,-5.5,-105,-4.5,-115,-4.58,-109.33,-4.0,-5.5,-105,-115,55.9,200.5,-110,200.0,-109,200.0,-110,200.5,-105,200,-115,200.5,-110,200.25,-109.83,200.5,200.0,-105,-115,101,10,W,192
2016-04-22,home,Detroit,Cleveland,1610612765,0041500103,50.6,155,175,165,170,175.0,170,171.0,175.0,165.0,42.8,4.0,-110,4.5,-101,4.5,-110,4.5,-105,5.5,-115,4.5,-105,4.58,-107.67,5.5,4.0,-101,-115,44.1,200.5,-110,200.0,-101,200.0,-110,200.5,-105,200,-105,200.5,-110,200.25,-106.83,200.5,200.0,-101,-110,91,-10,L,192
2016-04-22,away,Atlanta,Boston,1610612737,0041500133,50.0,140,141,140,135,135.0,140,138.2,141.0,135.0,44.5,3.0,-110,3.0,-107,3.0,-108,3.0,-105,3.0,-105,3.0,-110,3.0,-107.5,3.0,3.0,-105,-110,0.0,200.5,-110,203.5,-104,203.0,-109,203.0,-105,203,-110,203.5,-110,202.75,-108.0,203.5,200.5,-104,-110,103,-8,L,214
2016-04-22,home,Boston,Atlanta,1610612738,0041500133,50.0,-160,-156,-150,-155,-155.0,-160,-155.2,-150.0,-160.0,55.5,-3.0,-110,-3.0,-103,-3.0,-102,-3.0,-105,-3.0,-115,-3.0,-110,-3.0,-107.5,-3.0,-3.0,-102,-115,100.0,200.5,-110,203.5,-106,203.0,-101,203.0,-105,203,-110,203.5,-110,202.75,-107.0,203.5,200.5,-101,-110,111,8,W,214
2016-04-22,away,San Antonio,Memphis,1610612759,0041500153,50.6,-700,-850,-840,-920,,-900,-877.5,-840.0,-920.0,64.0,-10.5,-110,-11.5,-110,-11.5,-107,-12.0,-105,-13.0,-105,-12.0,-110,-11.75,-107.83,-10.5,-13.0,-105,-110,56.1,181.5,-110,184.5,-102,183.5,-109,184.0,-105,184,-115,184.0,-110,183.58,-108.5,184.5,181.5,-102,-115,96,9,W,183
2016-04-22,home,Memphis,San Antonio,1610612763,0041500153,49.4,535,671,660,670,,675,669.0,675.0,660.0,36.0,10.5,-110,11.5,-100,11.5,-103,12.0,-105,13.0,-115,12.0,-110,11.75,-107.17,13.0,10.5,-100,-115,43.9,181.5,-110,184.5,-113,183.5,-101,184.0,-105,184,-105,184.0,-110,183.58,-107.33,184.5,181.5,-101,-113,87,-9,L,183
2016-04-23,away,Toronto,Indiana,1610612761,0041500114,42.4,-125,-108,-117,-115,,-118,-114.5,-108.0,-118.0,51.8,-2.0,-110,-1.0,-103,-1.0,-110,-1.0,-100,-1.5,-110,1.0,-115,-0.92,-108.0,1.0,-2.0,-100,-115,49.3,192.5,-110,193.0,-108,193.0,-110,193.5,-105,193,-110,193.0,-110,193.0,-108.83,193.5,192.5,-105,-110,83,-17,L,183
2016-04-23,home,Indiana,Toronto,1610612754,0041500114,57.6,105,-102,-103,-105,,-102,-103.0,-102.0,-105.0,48.2,2.0,-110,1.0,-107,1.0,-110,1.0,-110,1.5,-110,-1.0,-105,0.92,-108.67,2.0,-1.0,-105,-110,50.7,192.5,-110,193.0,-102,193.0,-110,193.5,-105,193,-110,193.0,-110,193.0,-107.83,193.5,192.5,-102,-110,100,17,W,183
2016-04-23,away,Miami,Charlotte,1610612748,0041500123,59.3,145,137,130,135,,130,133.0,137.0,130.0,50.9,3.0,-110,3.0,-109,3.0,-110,3.0,-105,2.5,-110,3.0,-115,2.92,-109.83,3.0,2.5,-105,-115,42.9,201.5,-110,196.5,-107,198.0,-110,197.0,-105,198,-110,197.0,-110,198.0,-108.67,201.5,196.5,-105,-110,80,-16,L,176
2016-04-23,home,Charlotte,Miami,1610612766,0041500123,40.7,-165,-152,-150,-155,,-150,-151.75,-150.0,-155.0,49.1,-3.0,-110,-3.0,-101,-3.0,-110,-3.0,-105,-2.5,-110,-3.0,-105,-2.92,-106.83,-2.5,-3.0,-101,-110,57.1,201.5,-110,196.5,-103,198.0,-110,197.0,-105,198,-110,197.0,-110,198.0,-108.0,201.5,196.5,-103,-110,96,16,W,176
2016-04-23,away,Oklahoma City,Dallas,1610612760,0041500164,0.0,-565,-444,-430,-480,-500.0,-450,-460.8,-430.0,-500.0,50.0,-10.0,-110,-8.5,-103,-8.5,-102,-8.5,-105,-9.0,-110,-8.5,-110,-8.83,-106.67,-8.5,-10.0,-102,-110,56.7,201.5,-110,203.5,-104,204.0,-105,204.0,-105,205,-105,203.5,-110,203.58,-106.5,205.0,201.5,-104,-110,119,11,W,227
2016-04-23,home,Dallas,Oklahoma City,1610612742,0041500164,100.0,460,380,380,380,350.0,375,373.0,380.0,350.0,50.0,10.0,-110,8.5,-107,8.5,-108,8.5,-105,9.0,-110,8.5,-110,8.83,-108.33,10.0,8.5,-105,-110,43.3,201.5,-110,203.5,-106,204.0,-105,204.0,-105,205,-115,203.5,-110,203.58,-108.5,205.0,201.5,-105,-115,108,-11,L,227
2016-04-23,away,L.A. Clippers,Portland,1610612746,0041500173,53.5,-135,-123,-125,-120,,-125,-123.25,-120.0,-125.0,53.6,-1.5,-110,-1.5,-113,-1.5,-110,-1.5,-105,-2.5,-105,-1.5,-112,-1.67,-109.17,-1.5,-2.5,-105,-113,55.8,207.5,-110,208.5,-105,208.5,-110,209.0,-105,209,-110,208.5,-115,208.5,-109.17,209.0,207.5,-105,-115,88,-8,L,184
2016-04-23,home,Portland,L.A. Clippers,1610612757,0041500173,46.5,115,111,105,100,,105,105.25,111.0,100.0,46.4,1.5,-110,1.5,-102,1.5,-110,1.5,-105,2.5,-115,1.5,-108,1.67,-108.33,2.5,1.5,-102,-115,44.2,207.5,-110,208.5,-105,208.5,-110,209.0,-105,209,-110,208.5,-105,208.5,-107.5,209.0,207.5,-105,-110,96,8,W,184
2016-04-24,away,Cleveland,Detroit,1610612739,0041500104,64.6,-275,-246,-255,-260,-270.0,-260,-258.2,-246.0,-270.0,45.4,-6.5,-110,-6.5,-102,-6.0,-110,-6.5,-105,-7.0,-110,-6.5,-110,-6.5,-107.83,-6.0,-7.0,-102,-110,39.5,198.5,-110,197.5,-113,197.5,-110,198.0,-105,198,-110,198.0,-112,197.92,-110.0,198.5,197.5,-105,-113,100,2,W,198
2016-04-24,home,Detroit,Cleveland,1610612765,0041500104,35.4,230,219,215,220,230.0,220,220.8,230.0,215.0,54.6,6.5,-110,6.5,-108,6.0,-110,6.5,-105,7.0,-110,6.5,-110,6.5,-108.83,7.0,6.0,-105,-110,60.5,198.5,-110,197.5,-102,197.5,-110,198.0,-105,198,-110,198.0,-108,197.92,-107.5,198.5,197.5,-102,-110,98,-2,L,198
2016-04-24,away,Atlanta,Boston,1610612737,0041500134,100.0,110,-113,-117,-115,,-120,-116.25,-113.0,-120.0,100.0,2.0,-110,-1.0,-108,-1.0,-110,-1.5,-105,1.0,-115,-1.0,-113,-0.25,-110.17,2.0,-1.5,-105,-115,0.0,205.0,-110,203.0,-105,203.0,-110,203.0,-105,203,-105,203.0,-110,203.33,-107.5,205.0,203.0,-105,-110,95,-9,L,199
2016-04-24,home,Boston,Atlanta,1610612738,0041500134,0.0,-130,102,-103,-105,,100,-1.5,102.0,-105.0,0.0,-2.0,-110,1.0,-102,1.0,-110,1.5,-105,-1.0,-105,1.0,-107,0.25,-106.5,1.5,-2.0,-102,-110,100.0,205.0,-110,203.0,-105,203.0,-110,203.0,-105,203,-115,203.0,-110,203.33,-109.17,205.0,203.0,-105,-115,104,9,W,199
2016-04-24,away,Golden State,Houston,1610612744,0041500144,96.7,-280,-411,-420,-430,-550.0,-435,-449.2,-411.0,-550.0,68.8,-6.5,-110,-8.5,-102,-8.5,-110,-8.5,-105,-10.0,-105,-8.5,-105,-8.42,-106.17,-6.5,-10.0,-102,-110,0.0,216.0,-110,217.5,-108,217.5,-110,218.0,-105,218,-115,217.5,-110,217.42,-109.67,218.0,216.0,-105,-115,121,27,W,215
2016-04-24,home,Houston,Golden State,1610612745,0041500144,3.3,235,354,335,350,375.0,365,355.8,375.0,335.0,31.2,6.5,-110,8.5,-113,8.5,-110,8.5,-105,10.0,-115,8.5,-115,8.42,-111.33,10.0,6.5,-105,-115,100.0,216.0,-110,217.5,-102,217.5,-110,218.0,-105,218,-105,217.5,-110,217.42,-107.0,218.0,216.0,-102,-110,94,-27,L,215
2016-04-24,away,San Antonio,Memphis,1610612759,0041500154,0.0,-1200,-1414,-1400,-1330,,-1500,-1411.0,-1330.0,-1500.0,100.0,-13.0,-110,-13.5,-103,-13.5,-110,-13.5,-105,-13.5,-110,-13.5,-110,-13.42,-108.0,-13.0,-13.5,-103,-110,48.4,183.0,-110,182.0,-105,181.5,-110,180.5,-105,183,-105,181.5,-110,181.92,-107.5,183.0,180.5,-105,-110,116,21,W,211
2016-04-24,home,Memphis,San Antonio,1610612763,0041500154,100.0,825,1006,925,980,,975,971.5,1006.0,925.0,0.0,13.0,-110,13.5,-107,13.5,-110,13.5,-105,13.5,-110,13.5,-110,13.42,-108.67,13.5,13.0,-105,-110,51.6,183.0,-110,182.0,-105,181.5,-110,180.5,-105,183,-115,181.5,-110,181.92,-109.17,183.0,180.5,-105,-115,95,-21,L,211
2016-04-25,away,Miami,Charlotte,1610612748,0041500124,60.3,125,113,115,110,,115,113.25,115.0,110.0,51.4,2.5,-110,2.5,-110,2.5,-110,2.5,-105,1.5,-105,2.5,-113,2.33,-108.83,2.5,1.5,-105,-113,51.6,195.0,-110,194.5,-108,194.5,-110,194.5,-105,195,-110,194.5,-110,194.67,-108.83,195.0,194.5,-105,-110,85,-4,L,174
2016-04-25,home,Charlotte,Miami,1610612766,0041500124,39.7,-145,-125,-135,-130,,-135,-131.25,-125.0,-135.0,48.6,-2.5,-110,-2.5,-100,-2.5,-110,-2.5,-105,-1.5,-115,-2.5,-107,-2.33,-107.83,-1.5,-2.5,-100,-115,48.4,195.0,-110,194.5,-102,194.5,-110,194.5,-105,195,-110,194.5,-110,194.67,-107.83,195.0,194.5,-102,-110,89,4,W,174
2016-04-25,away,Dallas,Oklahoma City,1610612742,0041500165,44.4,1025,1289,1250,1180,,1175,1223.5,1289.0,1175.0,0.0,13.0,-110,14.5,-105,15.0,-110,14.5,-105,15.0,-105,14.5,-110,14.42,-107.5,15.0,13.0,-105,-110,47.1,206.0,-110,205.5,-107,205.0,-110,205.5,-105,206,-110,205.0,-110,205.5,-108.67,206.0,205.0,-105,-110,104,-14,L,222
2016-04-25,home,Oklahoma City,Dallas,1610612760,0041500165,55.6,-1600,-2000,-2000,-1730,,-2000,-1932.5,-1730.0,-2000.0,100.0,-13.0,-110,-14.5,-105,-15.0,-110,-14.5,-105,-15.0,-115,-14.5,-110,-14.42,-109.17,-13.0,-15.0,-105,-115,52.9,206.0,-110,205.5,-103,205.0,-110,205.5,-105,206,-110,205.0,-110,205.5,-108.0,206.0,205.0,-103,-110,118,14,W,222
2016-04-25,away,L.A. Clippers,Portland,1610612746,0041500174,55.3,-145,-178,-175,-180,-180.0,-180,-178.6,-175.0,-180.0,59.2,-3.0,-110,-4.0,-103,-4.0,-110,-4.0,-105,-4.5,-105,-4.0,-113,-3.92,-107.67,-3.0,-4.5,-103,-113,0.0,206.0,-110,205.0,-100,204.5,-110,205.0,-105,205,-110,205.0,-110,205.08,-107.5,206.0,204.5,-100,-110,84,-14,L,182
2016-04-25,home,Portland,L.A. Clippers,1610612757,0041500174,44.7,125,160,155,160,160.0,160,159.0,160.0,155.0,40.8,3.0,-110,4.0,-107,4.0,-110,4.0,-105,4.5,-115,4.0,-107,3.92,-109.0,4.5,3.0,-105,-115,100.0,206.0,-110,205.0,-110,204.5,-110,205.0,-105,205,-110,205.0,-110,205.08,-109.17,206.0,204.5,-105,-110,98,14,W,182
2016-04-26,away,Indiana,Toronto,1610612754,0041500115,49.2,250,270,255,265,250.0,275,263.0,275.0,250.0,50.2,7.0,-115,7.5,-108,7.0,-110,7.0,-105,7.0,-105,7.5,-110,7.17,-108.83,7.5,7.0,-105,-115,37.0,192.0,-110,194.0,-101,194.0,-110,194.5,-105,194,-110,194.0,-110,193.75,-107.67,194.5,192.0,-101,-110,99,-3,L,201
2016-04-26,home,Toronto,Indiana,1610612761,0041500115,50.8,-300,-307,-310,-325,-300.0,-330,-314.4,-300.0,-330.0,49.8,-7.0,-105,-7.5,-102,-7.0,-110,-7.0,-105,-7.0,-115,-7.5,-110,-7.17,-107.83,-7.0,-7.5,-102,-115,63.0,192.0,-110,194.0,-109,194.0,-110,194.5,-105,194,-110,194.0,-110,193.75,-109.0,194.5,192.0,-105,-110,102,3,W,201
2016-04-26,away,Boston,Atlanta,1610612738,0041500135,0.0,230,311,280,295,260.0,300,289.2,311.0,260.0,0.0,6.5,-110,7.5,-107,7.5,-110,7.5,-105,7.0,-105,7.5,-110,7.25,-107.83,7.5,6.5,-105,-110,6.4,201.0,-110,198.0,-110,198.0,-110,198.5,-105,198,-110,198.0,-110,198.58,-109.17,201.0,198.0,-105,-110,83,-27,L,193
2016-04-26,home,Atlanta,Boston,1610612737,0041500135,100.0,-275,-357,-340,-365,-320.0,-360,-348.4,-320.0,-365.0,100.0,-6.5,-110,-7.5,-103,-7.5,-110,-7.5,-105,-7.0,-115,-7.5,-110,-7.25,-108.83,-6.5,-7.5,-103,-115,93.6,201.0,-110,198.0,-100,198.0,-110,198.5,-105,198,-110,198.0,-110,198.58,-107.5,201.0,198.0,-100,-110,110,27,W,193
2016-04-27,away,Charlotte,Miami,1610612766,0041500125,35.0,200,222,220,225,225.0,215,221.4,225.0,215.0,4.2,5.0,-110,6.0,-108,6.0,-110,6.0,-105,6.5,-110,6.0,-115,5.92,-109.67,6.5,5.0,-105,-115,33.3,193.0,-110,195.5,-103,195.5,-110,196.0,-105,196,-105,195.5,-110,195.25,-107.17,196.0,193.0,-103,-110,90,2,W,178
2016-04-27,home,Miami,Charlotte,1610612748,0041500125,65.0,-240,-250,-260,-275,-265.0,-255,-261.0,-250.0,-275.0,95.8,-5.0,-110,-6.0,-102,-6.0,-110,-6.0,-105,-6.5,-110,-6.0,-105,-5.92,-107.0,-5.0,-6.5,-102,-110,66.7,193.0,-110,195.5,-107,195.5,-110,196.0,-105,196,-115,195.5,-110,195.25,-109.5,196.0,193.0,-105,-115,88,-2,L,178
2016-04-27,away,Houston,Golden State,1610612745,0041500145,0.0,405,399,400,410,350.0,405,392.8,410.0,350.0,0.0,9.5,-110,9.0,-106,9.0,-110,9.0,-105,9.5,-110,9.0,-105,9.17,-107.67,9.5,9.0,-105,-110,53.2,214.0,-110,212.5,-104,213.0,-110,213.0,-105,213,-115,213.0,-110,213.08,-109.0,214.0,212.5,-104,-115,81,-33,L,195
2016-04-27,home,Golden State,Houston,1610612744,0041500145,100.0,-500,-468,-500,-535,-500.0,-500,-500.6,-468.0,-535.0,100.0,-9.5,-110,-9.0,-104,-9.0,-110,-9.0,-105,-9.5,-110,-9.0,-115,-9.17,-109.0,-9.0,-9.5,-104,-115,46.8,214.0,-110,212.5,-106,213.0,-110,213.0,-105,213,-105,213.0,-110,213.08,-107.67,214.0,212.5,-105,-110,114,33,W,195
2016-04-27,away,Portland,L.A. Clippers,1610612757,0041500175,54.4,110,-137,-147,-150,-155.0,-145,-146.8,-137.0,-155.0,55.3,3.0,-110,-2.5,-106,-3.0,-110,-2.5,-105,-3.5,-110,-2.5,-110,-1.83,-108.5,3.0,-3.5,-105,-110,0.0,199.0,-110,194.5,-105,194.5,-110,194.5,-105,195,-110,194.5,-110,195.33,-108.33,199.0,194.5,-105,-110,108,10,W,206
2016-04-27,home,L.A. Clippers,Portland,1610612746,0041500175,45.6,-130,124,127,130,135.0,125,128.2,135.0,124.0,44.7,-3.0,-110,2.5,-104,3.0,-110,2.5,-105,3.5,-110,2.5,-110,1.83,-108.17,3.5,-3.0,-104,-110,100.0,199.0,-110,194.5,-105,194.5,-110,194.5,-105,195,-110,194.5,-110,195.33,-108.33,199.0,194.5,-105,-110,98,-10,L,206
2016-04-28,away,Atlanta,Boston,1610612737,0041500136,42.1,-125,-150,-145,-145,,-150,-147.5,-145.0,-150.0,38.5,-1.5,-110,-3.0,-106,-3.0,-110,-3.0,-105,-2.5,-115,-3.0,-108,-2.67,-109.0,-1.5,-3.0,-105,-115,41.5,197.0,-110,198.0,-103,198.0,-110,198.5,-105,198,-110,198.5,-110,198.0,-108.0,198.5,197.0,-103,-110,104,12,W,196
2016-04-28,home,Boston,Atlanta,1610612738,0041500136,57.9,105,136,125,125,,130,129.0,136.0,125.0,61.5,1.5,-110,3.0,-104,3.0,-110,3.0,-105,2.5,-105,3.0,-112,2.67,-107.67,3.0,1.5,-104,-112,58.5,197.0,-110,198.0,-107,198.0,-110,198.5,-105,198,-110,198.5,-110,198.0,-108.67,198.5,197.0,-105,-110,92,-12,L,196
2016-04-29,away,Toronto,Indiana,1610612761,0041500116,49.7,115,109,103,110,,106,107.0,110.0,103.0,35.8,2.5,-110,2.0,-110,1.5,-110,2.0,-105,2.0,-115,2.0,-110,2.0,-110.0,2.5,1.5,-105,-115,0.0,196.0,-110,193.0,-103,192.5,-110,193.0,-105,193,-110,192.5,-110,193.33,-108.0,196.0,192.5,-103,-110,83,-18,L,184
2016-04-29,home,Indiana,Toronto,1610612754,0041500116,50.3,-135,-120,-123,-130,,-126,-124.75,-120.0,-130.0,64.2,-2.5,-110,-2.0,-100,-1.5,-110,-2.0,-105,-2.0,-105,-2.0,-110,-2.0,-106.67,-1.5,-2.5,-100,-110,100.0,196.0,-110,193.0,-107,192.5,-110,193.0,-105,193,-110,192.5,-110,193.33,-108.67,196.0,192.5,-105,-110,101,18,W,184
2016-04-29,away,Miami,Charlotte,1610612748,0041500126,34.8,100,117,115,115,,115,115.5,117.0,115.0,0.0,1.0,-110,2.0,-103,2.0,-110,2.5,-105,2.0,-110,2.0,-110,1.92,-108.0,2.5,1.0,-103,-110,0.0,192.5,-110,192.0,-106,192.0,-110,192.0,-105,192,-115,192.0,-110,192.08,-109.33,192.5,192.0,-105,-115,97,7,W,187
2016-04-29,home,Charlotte,Miami,1610612766,0041500126,65.2,-120,-129,-135,-135,,-135,-133.5,-129.0,-135.0,100.0,-1.0,-110,-2.0,-107,-2.0,-110,-2.5,-105,-2.0,-110,-2.0,-110,-1.92,-108.67,-1.0,-2.5,-105,-110,100.0,192.5,-110,192.0,-104,192.0,-110,192.0,-105,192,-105,192.0,-110,192.08,-107.33,192.5,192.0,-104,-110,90,-7,L,187
2016-04-29,away,L.A. Clippers,Portland,1610612746,0041500176,38.7,440,431,400,420,375.0,420,409.2,431.0,375.0,0.0,10.0,-110,9.5,-108,9.5,-110,9.5,-105,10.0,-110,9.5,-105,9.67,-108.0,10.0,9.5,-105,-110,39.2,198.0,-110,199.0,-106,199.0,-110,199.0,-105,199,-115,199.0,-110,198.83,-109.33,199.0,198.0,-105,-115,103,-3,L,209
2016-04-29,home,Portland,L.A. Clippers,1610612757,0041500176,61.3,-535,-510,-500,-545,-550.0,-515,-524.0,-500.0,-550.0,100.0,-10.0,-110,-9.5,-102,-9.5,-110,-9.5,-105,-10.0,-110,-9.5,-115,-9.67,-108.67,-9.5,-10.0,-102,-115,60.8,198.0,-110,199.0,-104,199.0,-110,199.0,-105,199,-105,199.0,-110,198.83,-107.33,199.0,198.0,-104,-110,106,3,W,209
2016-04-30,away,Oklahoma City,San Antonio,1610612760,0041500231,44.7,225,252,250,245,245.0,250,248.4,252.0,245.0,42.2,6.5,-115,6.5,-106,6.5,-110,6.5,-105,7.0,-115,6.5,-110,6.58,-110.17,7.0,6.5,-105,-115,50.2,201.5,-110,199.5,-105,199.5,-110,199.5,-105,200,-110,200.0,-110,200.0,-108.33,201.5,199.5,-105,-110,92,-32,L,216
2016-04-30,home,San Antonio,Oklahoma City,1610612759,0041500231,55.3,-265,-285,-300,-295,-290.0,-300,-294.0,-285.0,-300.0,57.8,-6.5,-105,-6.5,-104,-6.5,-110,-6.5,-105,-7.0,-105,-6.5,-110,-6.58,-106.5,-6.5,-7.0,-104,-110,49.8,201.5,-110,199.5,-105,199.5,-110,199.5,-105,200,-110,200.0,-110,200.0,-108.33,201.5,199.5,-105,-110,124,32,W,216
2016-05-01,away,Indiana,Toronto,1610612754,0041500117,50.0,230,235,230,215,205.0,225,222.0,235.0,205.0,52.4,6.5,-110,6.0,-100,6.0,-110,6.0,-105,6.0,-110,6.0,-110,6.08,-107.5,6.5,6.0,-100,-110,0.0,190.5,-110,190.0,-105,190.0,-110,190.0,-105,190,-115,189.5,-110,190.0,-109.17,190.5,189.5,-105,-115,84,-5,L,173
2016-05-01,home,Toronto,Indiana,1610612761,0041500117,50.0,-275,-265,-270,-255,-245.0,-265,-260.0,-245.0,-270.0,47.6,-6.5,-110,-6.0,-110,-6.0,-110,-6.0,-105,-6.0,-110,-6.0,-110,-6.08,-109.17,-6.0,-6.5,-105,-110,100.0,190.5,-110,190.0,-105,190.0,-110,190.0,-105,190,-105,189.5,-110,190.0,-107.5,190.5,189.5,-105,-110,89,5,W,173
2016-05-01,away,Charlotte,Miami,1610612766,0041500127,47.6,240,235,230,230,245.0,230,234.0,245.0,230.0,49.0,6.5,-110,6.0,-101,6.5,-110,6.0,-105,6.5,-110,6.0,-105,6.25,-106.83,6.5,6.0,-101,-110,44.9,191.0,-110,190.5,-107,190.5,-110,191.0,-105,191,-115,190.5,-110,190.75,-109.5,191.0,190.5,-105,-115,73,-33,L,179
2016-05-01,home,Miami,Charlotte,1610612748,0041500127,52.4,-285,-265,-270,-280,-290.0,-275,-276.0,-265.0,-290.0,51.0,-6.5,-110,-6.0,-109,-6.5,-110,-6.0,-105,-6.5,-110,-6.0,-115,-6.25,-109.83,-6.0,-6.5,-105,-115,55.1,191.0,-110,190.5,-103,190.5,-110,191.0,-105,191,-105,190.5,-110,190.75,-107.17,191.0,190.5,-103,-110,106,33,W,179
2016-05-01,away,Portland,Golden State,1610612757,0041500221,0.0,300,423,415,440,425.0,415,423.6,440.0,415.0,0.0,7.5,-105,9.5,-107,9.5,-110,9.5,-105,10.5,-115,9.5,-115,9.33,-109.5,10.5,7.5,-105,-115,0.0,211.0,-110,210.5,-105,210.5,-110,211.0,-105,211,-110,210.5,-110,210.75,-108.33,211.0,210.5,-105,-110,106,-12,L,224
2016-05-01,home,Golden State,Portland,1610612744,0041500221,100.0,-360,-500,-525,-565,-650.0,-510,-550.0,-500.0,-650.0,100.0,-7.5,-115,-9.5,-103,-9.5,-110,-9.5,-105,-10.5,-105,-9.5,-105,-9.33,-107.17,-7.5,-10.5,-103,-115,100.0,211.0,-110,210.5,-105,210.5,-110,211.0,-105,211,-110,210.5,-110,210.75,-108.33,211.0,210.5,-105,-110,118,12,W,224
2016-05-02,away,Atlanta,Cleveland,1610612737,0041500201,0.0,290,326,325,345,310.0,330,327.2,345.0,310.0,10.3,8.0,-110,8.0,-108,8.0,-110,8.0,-105,8.0,-105,8.0,-110,8.0,-108.0,8.0,8.0,-105,-110,0.0,200.0,-110,199.5,-107,199.5,-110,200.0,-105,200,-110,199.5,-110,199.75,-108.67,200.0,199.5,-105,-110,93,-11,L,197
2016-05-02,home,Cleveland,Atlanta,1610612739,0041500201,100.0,-350,-375,-400,-425,-420.0,-400,-404.0,-375.0,-425.0,89.7,-8.0,-110,-8.0,-102,-8.0,-110,-8.0,-105,-8.0,-115,-8.0,-110,-8.0,-108.67,-8.0,-8.0,-102,-115,100.0,200.0,-110,199.5,-103,199.5,-110,200.0,-105,200,-110,199.5,-110,199.75,-108.0,200.0,199.5,-103,-110,104,11,W,197
2016-05-02,away,Oklahoma City,San Antonio,1610612760,0041500232,31.5,280,264,305,315,350.0,300,306.8,350.0,264.0,32.0,7.0,-108,7.0,-113,7.5,-109,6.5,-105,8.5,-110,7.5,-115,7.33,-110.0,8.5,6.5,-105,-115,53.9,202.5,-110,199.5,-109,200.0,-105,200.0,-105,202,-105,200.0,-110,200.67,-107.33,202.5,199.5,-105,-110,98,1,W,195
2016-05-02,home,San Antonio,Oklahoma City,1610612759,0041500232,68.5,-335,-300,-335,-385,-500.0,-360,-376.0,-300.0,-500.0,68.0,-7.0,-112,-7.0,-102,-7.5,-101,-6.5,-105,-8.5,-110,-7.5,-105,-7.33,-105.83,-6.5,-8.5,-101,-112,46.1,202.5,-110,199.5,-101,200.0,-105,200.0,-105,202,-115,200.0,-110,200.67,-107.67,202.5,199.5,-101,-115,97,-1,L,195
2016-05-03,away,Miami,Toronto,1610612748,0041500211,60.5,170,147,145,150,135.0,140,143.4,150.0,135.0,52.0,4.5,-110,3.5,-102,3.5,-110,3.5,-105,4.0,-110,3.5,-110,3.75,-107.83,4.5,3.5,-102,-110,45.8,191.5,-110,192.0,-110,192.0,-110,192.5,-105,191,-115,192.0,-115,191.83,-110.83,192.5,191.0,-105,-115,102,6,W,198
2016-05-03,home,Toronto,Miami,1610612761,0041500211,39.5,-195,-163,-165,-170,-155.0,-160,-162.6,-155.0,-170.0,48.0,-4.5,-110,-3.5,-108,-3.5,-110,-3.5,-105,-4.0,-110,-3.5,-110,-3.75,-108.83,-3.5,-4.5,-105,-110,54.2,191.5,-110,192.0,-100,192.0,-110,192.5,-105,191,-105,192.0,-105,191.83,-105.83,192.5,191.0,-100,-110,96,-6,L,198
2016-05-03,away,Portland,Golden State,1610612757,0041500222,41.2,445,415,400,395,375.0,400,397.0,415.0,375.0,0.0,9.5,-105,9.0,-105,9.0,-110,9.0,-105,9.5,-110,9.0,-111,9.17,-107.67,9.5,9.0,-105,-111,57.2,213.5,-110,212.5,-103,212.0,-110,213.0,-105,213,-110,212.0,-110,212.67,-108.0,213.5,212.0,-103,-110,99,-11,L,209
2016-05-03,home,Golden State,Portland,1610612744,0041500222,58.8,-550,-489,-500,-495,-550.0,-475,-501.8,-475.0,-550.0,100.0,-9.5,-115,-9.0,-105,-9.0,-110,-9.0,-105,-9.5,-110,-9.0,-109,-9.17,-109.0,-9.0,-9.5,-105,-115,42.8,213.5,-110,212.5,-107,212.0,-110,213.0,-105,213,-110,212.0,-110,212.67,-108.67,213.5,212.0,-105,-110,110,11,W,209
2016-05-04,away,Atlanta,Cleveland,1610612737,0041500202,7.1,285,297,290,310,285.0,300,296.4,310.0,285.0,42.9,7.5,-110,7.0,-102,7.0,-110,7.5,-105,7.5,-110,7.0,-110,7.25,-107.83,7.5,7.0,-102,-110,0.0,199.0,-110,196.5,-106,196.0,-110,196.5,-105,197,-110,196.0,-115,196.83,-109.33,199.0,196.0,-105,-115,98,-25,L,221
2016-05-04,home,Cleveland,Atlanta,1610612739,0041500202,92.9,-340,-340,-350,-380,-370.0,-360,-360.0,-340.0,-380.0,57.1,-7.5,-110,-7.0,-108,-7.0,-110,-7.5,-105,-7.5,-110,-7.0,-110,-7.25,-108.83,-7.0,-7.5,-105,-110,100.0,199.0,-110,196.5,-104,196.0,-110,196.5,-105,197,-110,196.0,-105,196.83,-107.33,199.0,196.0,-104,-110,123,25,W,221
2016-05-05,away,Miami,Toronto,1610612748,0041500212,0.0,170,195,185,210,185.0,190,193.0,210.0,185.0,0.0,4.0,-110,5.0,-102,5.0,-110,5.5,-100,5.0,-105,5.0,-105,4.92,-105.33,5.5,4.0,-100,-110,51.9,189.5,-110,190.0,-113,189.5,-110,190.5,-105,190,-105,190.0,-110,189.92,-108.83,190.5,189.5,-105,-113,92,-4,L,188
2016-05-05,home,Toronto,Miami,1610612761,0041500212,100.0,-195,-218,-225,-245,-225.0,-220,-226.6,-218.0,-245.0,100.0,-4.0,-110,-5.0,-113,-5.0,-110,-5.5,-110,-5.0,-115,-5.0,-115,-4.92,-112.17,-4.0,-5.5,-110,-115,48.1,189.5,-110,190.0,-102,189.5,-110,190.5,-105,190,-115,190.0,-110,189.92,-108.67,190.5,189.5,-102,-115,96,4,W,188
2016-05-06,away,Cleveland,Atlanta,1610612739,0041500203,57.6,-145,-133,-138,-145,-155.0,-142,-142.6,-133.0,-155.0,60.9,-3.0,-110,-2.5,-103,-2.5,-110,-2.0,-105,-3.5,-115,-2.5,-110,-2.67,-108.83,-2.0,-3.5,-103,-115,44.8,200.0,-110,197.0,-102,196.5,-110,196.5,-105,197,-110,196.5,-110,197.25,-107.83,200.0,196.5,-102,-110,121,13,W,229
2016-05-06,home,Atlanta,Cleveland,1610612737,0041500203,42.4,125,120,118,125,135.0,122,124.0,135.0,118.0,39.1,3.0,-110,2.5,-107,2.5,-110,2.0,-105,3.5,-105,2.5,-110,2.67,-107.83,3.5,2.0,-105,-110,55.2,200.0,-110,197.0,-108,196.5,-110,196.5,-105,197,-110,196.5,-110,197.25,-108.83,200.0,196.5,-105,-110,108,-13,L,229
2016-05-06,away,San Antonio,Oklahoma City,1610612759,0041500233,58.1,100,-143,-137,-145,,-140,-141.25,-137.0,-145.0,58.7,1.5,-110,-2.5,-104,-2.5,-110,-2.5,-105,-3.5,-105,-2.5,-110,-2.0,-107.33,1.5,-3.5,-104,-110,60.8,199.0,-110,200.0,-104,200.0,-110,200.0,-105,201,-115,200.0,-110,200.0,-109.0,201.0,199.0,-104,-115,100,4,W,196
2016-05-06,home,Oklahoma City,San Antonio,1610612760,0041500233,41.9,-120,129,117,125,,120,122.75,129.0,117.0,41.3,-1.5,-110,2.5,-106,2.5,-110,2.5,-105,3.5,-115,2.5,-110,2.0,-109.33,3.5,-1.5,-105,-115,39.2,199.0,-110,200.0,-106,200.0,-110,200.0,-105,201,-105,200.0,-110,200.0,-107.67,201.0,199.0,-105,-110,96,-4,L,196
2016-05-07,away,Toronto,Miami,1610612761,0041500213,41.1,175,193,190,205,205.0,200,198.6,205.0,190.0,0.0,4.0,-110,5.0,-106,5.5,-110,5.0,-105,6.0,-115,5.5,-110,5.17,-109.33,6.0,4.0,-105,-115,52.5,188.0,-110,188.5,-110,188.0,-110,189.0,-105,188,-110,188.5,-115,188.33,-110.0,189.0,188.0,-105,-115,95,4,W,186
2016-05-07,home,Miami,Toronto,1610612748,0041500213,58.9,-205,-215,-230,-240,-245.0,-240,-234.0,-215.0,-245.0,100.0,-4.0,-110,-5.0,-104,-5.5,-110,-5.0,-105,-6.0,-105,-5.5,-110,-5.17,-107.33,-4.0,-6.0,-104,-110,47.5,188.0,-110,188.5,-100,188.0,-110,189.0,-105,188,-110,188.5,-105,188.33,-106.67,189.0,188.0,-100,-110,91,-4,L,186
2016-05-07,away,Golden State,Portland,1610612744,0041500223,50.2,-170,-143,-145,-130,-160.0,-143,-144.2,-130.0,-160.0,57.3,-3.5,-110,-2.5,-108,-3.0,-110,-2.0,-105,-4.0,-115,-2.5,-110,-2.92,-109.67,-2.0,-4.0,-105,-115,61.3,212.5,-110,212.5,-106,212.5,-110,213.5,-105,214,-105,212.5,-110,212.92,-107.67,214.0,212.5,-105,-110,108,-12,L,228
2016-05-07,home,Portland,Golden State,1610612757,0041500223,49.8,150,129,125,110,140.0,123,125.4,140.0,110.0,42.7,3.5,-110,2.5,-102,3.0,-110,2.0,-105,4.0,-105,2.5,-110,2.92,-107.0,4.0,2.0,-102,-110,38.7,212.5,-110,212.5,-104,212.5,-110,213.5,-105,214,-115,212.5,-110,212.92,-109.0,214.0,212.5,-104,-115,120,12,W,228
2016-05-08,away,Cleveland,Atlanta,1610612739,0041500204,54.8,-210,-238,-230,-245,-250.0,-225,-237.6,-225.0,-250.0,63.5,-5.0,-110,-5.5,-105,-5.5,-110,-6.0,-105,-6.0,-115,-5.5,-110,-5.58,-109.17,-5.0,-6.0,-105,-115,57.9,201.0,-110,202.5,-100,202.5,-110,202.5,-105,204,-105,202.5,-110,202.5,-106.67,204.0,201.0,-100,-110,100,1,W,199
2016-05-08,home,Atlanta,Cleveland,1610612737,0041500204,45.2,180,212,190,210,210.0,195,203.4,212.0,190.0,36.5,5.0,-110,5.5,-105,5.5,-110,6.0,-105,6.0,-105,5.5,-110,5.58,-107.5,6.0,5.0,-105,-110,42.1,201.0,-110,202.5,-110,202.5,-110,202.5,-105,204,-115,202.5,-110,202.5,-110.0,204.0,201.0,-105,-115,99,-1,L,199
2016-05-08,away,San Antonio,Oklahoma City,1610612759,0041500234,9.1,-115,112,110,125,,105,113.0,125.0,105.0,51.0,-1.0,-110,2.0,-108,2.0,-110,2.5,-105,1.5,-115,2.0,-110,1.5,-109.67,2.5,-1.0,-105,-115,59.7,198.5,-110,199.0,-105,199.0,-110,199.5,-105,200,-110,199.0,-110,199.17,-108.33,200.0,198.5,-105,-110,97,-14,L,208
2016-05-08,home,Oklahoma City,San Antonio,1610612760,0041500234,90.9,-105,-124,-130,-145,,-125,-131.0,-124.0,-145.0,49.0,1.0,-110,-2.0,-102,-2.0,-110,-2.5,-105,-1.5,-105,-2.0,-110,-1.5,-107.0,1.0,-2.5,-102,-110,40.3,198.5,-110,199.0,-105,199.0,-110,199.5,-105,200,-110,199.0,-110,199.17,-108.33,200.0,198.5,-105,-110,111,14,W,208
2016-05-09,away,Toronto,Miami,1610612761,0041500214,33.3,185,185,175,175,170.0,175,176.0,185.0,170.0,50.0,6.0,-115,4.5,-104,4.5,-110,4.5,-105,5.0,-115,4.5,-110,4.83,-109.83,6.0,4.5,-104,-115,50.0,187.5,-110,194.5,-100,194.0,-110,194.0,-105,194,-110,194.0,-110,193.0,-107.5,194.5,187.5,-100,-110,87,-7,L,181
2016-05-09,home,Miami,Toronto,1610612748,0041500214,66.7,-215,-206,-210,-200,-200.0,-205,-204.2,-200.0,-210.0,50.0,-6.0,-105,-4.5,-106,-4.5,-110,-4.5,-105,-5.0,-105,-4.5,-110,-4.83,-106.83,-4.5,-6.0,-105,-110,50.0,187.5,-110,194.5,-110,194.0,-110,194.0,-105,194,-110,194.0,-110,193.0,-109.17,194.5,187.5,-105,-110,94,7,W,181
2016-05-09,away,Golden State,Portland,1610612744,0041500224,16.7,-195,-260,-275,-280,-280.0,-265,-272.0,-260.0,-280.0,58.4,-4.5,-115,-6.0,-103,-6.5,-110,-6.0,-105,-7.0,-110,-6.0,-110,-6.0,-108.83,-4.5,-7.0,-103,-115,0.0,214.0,-110,214.5,-106,215.0,-110,215.0,-105,216,-110,215.0,-110,214.92,-108.5,216.0,214.0,-105,-110,132,7,W,257
2016-05-09,home,Portland,Golden State,1610612757,0041500224,83.3,170,231,235,230,240.0,225,232.2,240.0,225.0,41.6,4.5,-105,6.0,-107,6.5,-110,6.0,-105,7.0,-110,6.0,-110,6.0,-107.83,7.0,4.5,-105,-110,100.0,214.0,-110,214.5,-104,215.0,-110,215.0,-105,216,-110,215.0,-110,214.92,-108.17,216.0,214.0,-104,-110,125,-7,L,257
2016-05-10,away,Oklahoma City,San Antonio,1610612760,0041500235,0.0,250,289,275,295,270.0,290,283.8,295.0,270.0,42.2,6.5,-110,7.0,-103,7.0,-110,7.5,-105,7.0,-105,7.5,-115,7.08,-108.0,7.5,6.5,-103,-115,56.6,200.5,-110,198.0,-105,199.0,-110,199.0,-105,200,-115,199.0,-110,199.25,-109.17,200.5,198.0,-105,-115,95,4,W,186
2016-05-10,home,San Antonio,Oklahoma City,1610612759,0041500235,100.0,-300,-330,-335,-365,-340.0,-350,-344.0,-330.0,-365.0,57.8,-6.5,-110,-7.0,-107,-7.0,-110,-7.5,-105,-7.0,-115,-7.5,-105,-7.08,-108.67,-6.5,-7.5,-105,-115,43.4,200.5,-110,198.0,-105,199.0,-110,199.0,-105,200,-105,199.0,-110,199.25,-107.5,200.5,198.0,-105,-110,91,-4,L,186
2016-05-11,away,Miami,Toronto,1610612748,0041500215,42.3,165,193,175,180,170.0,185,180.6,193.0,170.0,50.2,4.5,-110,5.0,-101,5.0,-110,5.0,-105,4.5,-115,5.0,-110,4.83,-108.5,5.0,4.5,-101,-115,48.8,187.0,-110,189.0,-107,189.0,-110,189.5,-105,188,-115,189.0,-115,188.58,-110.33,189.5,187.0,-105,-115,91,-8,L,190
2016-05-11,home,Toronto,Miami,1610612761,0041500215,57.7,-190,-216,-210,-210,-200.0,-215,-210.2,-200.0,-216.0,49.8,-4.5,-110,-5.0,-109,-5.0,-110,-5.0,-105,-4.5,-105,-5.0,-110,-4.83,-108.17,-4.5,-5.0,-105,-110,51.2,187.0,-110,189.0,-103,189.0,-110,189.5,-105,188,-105,189.0,-105,188.58,-106.33,189.5,187.0,-103,-110,99,8,W,190
2016-05-11,away,Portland,Golden State,1610612757,0041500225,54.7,635,951,850,1060,,875,934.0,1060.0,850.0,0.0,13.5,-110,13.5,-105,13.0,-110,14.0,-105,13.5,-105,13.5,-105,13.5,-106.67,14.0,13.0,-105,-110,62.6,220.5,-110,217.5,-105,217.5,-110,218.0,-105,219,-105,217.5,-115,218.33,-108.33,220.5,217.5,-105,-115,121,-4,L,246
2016-05-11,home,Golden State,Portland,1610612744,0041500225,45.3,-850,-1313,-1300,-1410,,-1300,-1330.75,-1300.0,-1410.0,100.0,-13.5,-110,-13.5,-105,-13.0,-110,-14.0,-105,-13.5,-115,-13.5,-115,-13.5,-110.0,-13.0,-14.0,-105,-115,37.4,220.5,-110,217.5,-105,217.5,-110,218.0,-105,219,-115,217.5,-105,218.33,-108.33,220.5,217.5,-105,-115,125,4,W,246
2016-05-12,away,San Antonio,Oklahoma City,1610612759,0041500236,41.0,-148,-104,-105,-105,,-118,-108.0,-104.0,-118.0,40.3,-2.5,-112,1.0,-108,0.0,-110,1.0,-105,-1.5,-105,0.0,-105,-0.33,-107.5,1.0,-2.5,-105,-112,50.0,194.5,-110,198.0,-105,198.0,-110,198.0,-105,198,-115,198.0,-110,197.42,-109.17,198.0,194.5,-105,-115,99,-14,L,212
2016-05-12,home,Oklahoma City,San Antonio,1610612760,0041500236,59.0,128,-106,-105,-115,,-102,-107.0,-102.0,-115.0,59.7,2.5,-108,-1.0,-102,0.0,-110,-1.0,-105,1.5,-115,0.0,-115,0.33,-109.17,2.5,-1.0,-102,-115,50.0,194.5,-110,198.0,-105,198.0,-110,198.0,-105,198,-105,198.0,-110,197.42,-107.5,198.0,194.5,-105,-110,113,14,W,212
2016-05-13,away,Toronto,Miami,1610612761,0041500216,57.8,175,147,150,155,135.0,145,146.4,155.0,135.0,43.3,4.5,-105,3.5,-105,3.5,-110,3.5,-105,4.0,-120,3.5,-110,3.75,-109.17,4.5,3.5,-105,-120,0.0,190.0,-110,188.5,-105,188.0,-110,188.0,-105,188,-110,188.5,-110,188.5,-108.33,190.0,188.0,-105,-110,91,-12,L,194
2016-05-13,home,Miami,Toronto,1610612748,0041500216,42.2,-205,-163,-170,-175,-155.0,-165,-165.6,-155.0,-175.0,56.7,-4.5,-115,-3.5,-105,-3.5,-110,-3.5,-105,-4.0,-100,-3.5,-110,-3.75,-107.5,-3.5,-4.5,-100,-115,100.0,190.0,-110,188.5,-105,188.0,-110,188.0,-105,188,-110,188.5,-110,188.5,-108.33,190.0,188.0,-105,-110,103,12,W,194
2016-05-15,away,Miami,Toronto,1610612748,0041500217,60.6,170,171,165,160,155.0,165,163.2,171.0,155.0,53.6,4.5,-110,4.5,-108,4.5,-110,4.0,-105,4.0,-105,4.0,-110,4.25,-108.0,4.5,4.0,-105,-110,45.8,190.0,-110,188.5,-108,188.5,-110,188.5,-105,189,-110,188.5,-110,188.83,-108.83,190.0,188.5,-105,-110,89,-27,L,205
2016-05-15,home,Toronto,Miami,1610612761,0041500217,39.4,-195,-190,-190,-185,-175.0,-190,-186.0,-175.0,-190.0,46.4,-4.5,-110,-4.5,-102,-4.5,-110,-4.0,-105,-4.0,-115,-4.0,-110,-4.25,-108.67,-4.0,-4.5,-102,-115,54.2,190.0,-110,188.5,-102,188.5,-110,188.5,-105,189,-110,188.5,-110,188.83,-107.83,190.0,188.5,-102,-110,116,27,W,205
2016-05-16,away,Oklahoma City,Golden State,1610612760,0041500311,53.2,290,338,320,320,290.0,330,319.6,338.0,290.0,46.8,7.5,-110,7.5,-101,7.5,-110,8.0,-105,7.5,-105,7.5,-105,7.58,-106.0,8.0,7.5,-101,-110,55.7,223.0,-110,225.0,-102,225.0,-110,226.0,-105,225,-115,225.0,-113,224.83,-109.17,226.0,223.0,-102,-115,108,6,W,210
2016-05-16,home,Golden State,Oklahoma City,1610612744,0041500311,46.8,-350,-390,-390,-400,-380.0,-400,-392.0,-380.0,-400.0,53.2,-7.5,-110,-7.5,-109,-7.5,-110,-8.0,-105,-7.5,-115,-7.5,-115,-7.58,-110.67,-7.5,-8.0,-105,-115,44.3,223.0,-110,225.0,-108,225.0,-110,226.0,-105,225,-105,225.0,-107,224.83,-107.5,226.0,223.0,-105,-110,102,-6,L,210
2016-05-17,away,Toronto,Cleveland,1610612761,0041500301,46.5,525,720,675,675,,720,697.5,720.0,675.0,48.4,10.5,-110,11.5,-107,11.0,-110,11.0,-105,11.0,-110,11.0,-110,11.0,-108.67,11.5,10.5,-105,-110,36.4,203.0,-110,197.5,-105,197.5,-110,197.5,-105,200,-105,197.5,-110,198.83,-107.5,203.0,197.5,-105,-110,84,-31,L,199
2016-05-17,home,Cleveland,Toronto,1610612739,0041500301,53.5,-675,-925,-1050,-925,,-970,-967.5,-925.0,-1050.0,51.6,-10.5,-110,-11.5,-103,-11.0,-110,-11.0,-105,-11.0,-110,-11.0,-110,-11.0,-108.0,-10.5,-11.5,-103,-110,63.6,203.0,-110,197.5,-105,197.5,-110,197.5,-105,200,-115,197.5,-110,198.83,-109.17,203.0,197.5,-105,-115,115,31,W,199
2016-05-18,away,Oklahoma City,Golden State,1610612760,0041500312,50.2,370,385,375,400,340.0,395,379.0,400.0,340.0,49.1,8.5,-110,9.0,-106,9.0,-110,9.0,-105,9.0,-115,9.0,-110,8.92,-109.33,9.0,8.5,-105,-115,56.9,221.5,-110,223.0,-104,223.0,-110,223.5,-105,224,-105,223.0,-110,223.0,-107.33,224.0,221.5,-104,-110,91,-27,L,209
2016-05-18,home,Golden State,Oklahoma City,1610612744,0041500312,49.8,-440,-450,-470,-500,-480.0,-470,-474.0,-450.0,-500.0,50.9,-8.5,-110,-9.0,-104,-9.0,-110,-9.0,-105,-9.0,-105,-9.0,-110,-8.92,-107.33,-8.5,-9.0,-104,-110,43.1,221.5,-110,223.0,-106,223.0,-110,223.5,-105,224,-115,223.0,-110,223.0,-109.33,224.0,221.5,-105,-115,118,27,W,209
2016-05-19,away,Toronto,Cleveland,1610612761,0041500302,50.0,725,752,700,680,,850,745.5,850.0,680.0,34.0,12.0,-108,11.5,-102,11.5,-110,12.0,-105,12.5,-115,11.5,-105,11.83,-107.5,12.5,11.5,-102,-115,60.2,196.0,-110,197.0,-105,197.0,-110,198.0,-105,199,-105,197.5,-110,197.42,-107.5,199.0,196.0,-105,-110,89,-19,L,197
2016-05-19,home,Cleveland,Toronto,1610612739,0041500302,50.0,-1000,-975,-1100,-930,,-1250,-1063.75,-930.0,-1250.0,66.0,-12.0,-112,-11.5,-113,-11.5,-110,-12.0,-105,-12.5,-105,-11.5,-115,-11.83,-110.0,-11.5,-12.5,-105,-115,39.8,196.0,-110,197.0,-105,197.0,-110,198.0,-105,199,-115,197.5,-110,197.42,-109.17,199.0,196.0,-105,-115,108,19,W,197
2016-05-21,away,Cleveland,Toronto,1610612739,0041500303,57.4,-240,-270,-265,-295,-275.0,-280,-277.0,-265.0,-295.0,62.5,-5.5,-105,-5.5,-109,-6.0,-110,-6.0,-105,-7.0,-110,-6.0,-105,-6.0,-107.33,-5.5,-7.0,-105,-110,59.0,197.5,-110,199.5,-102,200.0,-110,200.0,-105,200,-115,199.5,-110,199.42,-108.67,200.0,197.5,-102,-115,84,-15,L,183
2016-05-21,home,Toronto,Cleveland,1610612761,0041500303,42.6,200,239,225,245,235.0,235,235.8,245.0,225.0,37.5,5.5,-115,5.5,-101,6.0,-110,6.0,-105,7.0,-110,6.0,-115,6.0,-109.33,7.0,5.5,-101,-115,41.0,197.5,-110,199.5,-108,200.0,-110,200.0,-105,200,-105,199.5,-110,199.42,-108.0,200.0,197.5,-105,-110,99,15,W,183
2016-05-22,away,Golden State,Oklahoma City,1610612744,0041500313,48.9,-145,-134,-140,-150,-150.0,-141,-143.0,-134.0,-150.0,55.3,-3.0,-110,-2.0,-107,-2.5,-110,-2.0,-105,-3.5,-110,-2.5,-110,-2.58,-108.67,-2.0,-3.5,-105,-110,0.0,219.0,-110,219.5,-104,219.5,-110,220.0,-105,220,-115,219.5,-110,219.58,-109.0,220.0,219.0,-104,-115,105,-28,L,238
2016-05-22,home,Oklahoma City,Golden State,1610612760,0041500313,51.1,125,121,120,130,130.0,121,124.4,130.0,120.0,44.7,3.0,-110,2.0,-103,2.5,-110,2.0,-105,3.5,-110,2.5,-110,2.58,-108.0,3.5,2.0,-103,-110,100.0,219.0,-110,219.5,-106,219.5,-110,220.0,-105,220,-105,219.5,-110,219.58,-107.67,220.0,219.0,-105,-110,133,28,W,238
2016-05-23,away,Cleveland,Toronto,1610612739,0041500304,55.3,-260,-246,-260,-295,-280.0,-260,-268.2,-246.0,-295.0,60.0,-6.0,-110,-6.0,-103,-6.0,-110,-6.0,-105,-7.0,-105,-6.0,-115,-6.17,-108.0,-6.0,-7.0,-103,-115,56.7,197.5,-110,197.0,-106,197.0,-110,198.0,-105,198,-115,197.0,-110,197.42,-109.33,198.0,197.0,-105,-115,99,-6,L,204
2016-05-23,home,Toronto,Cleveland,1610612761,0041500304,44.7,220,219,220,245,240.0,220,228.8,245.0,219.0,40.0,6.0,-110,6.0,-107,6.0,-110,6.0,-105,7.0,-115,6.0,-105,6.17,-108.67,7.0,6.0,-105,-115,43.3,197.5,-110,197.0,-104,197.0,-110,198.0,-105,198,-105,197.0,-110,197.42,-107.33,198.0,197.0,-104,-110,105,6,W,204
2016-05-24,away,Golden State,Oklahoma City,1610612744,0041500314,45.0,-130,-121,-123,-135,,-129,-127.0,-121.0,-135.0,50.3,-1.0,-110,-1.5,-110,-1.5,-110,-2.5,-105,-3.0,-110,-1.5,-115,-1.83,-110.0,-1.0,-3.0,-105,-115,55.3,222.0,-110,221.0,-109,221.5,-110,222.0,-105,222,-110,222.0,-105,221.75,-108.17,222.0,221.0,-105,-110,94,-24,L,212
2016-05-24,home,Oklahoma City,Golden State,1610612760,0041500314,55.0,110,110,103,115,,109,109.25,115.0,103.0,49.7,1.0,-110,1.5,-100,1.5,-110,2.5,-105,3.0,-110,1.5,-105,1.83,-106.67,3.0,1.0,-100,-110,44.7,222.0,-110,221.0,-101,221.5,-110,222.0,-105,222,-110,222.0,-115,221.75,-108.5,222.0,221.0,-101,-115,118,24,W,212
2016-05-25,away,Toronto,Cleveland,1610612761,0041500305,60.4,585,622,575,620,,600,604.25,622.0,575.0,39.8,10.0,-105,11.0,-107,11.5,-110,11.0,-105,11.0,-105,11.0,-115,10.92,-107.83,11.5,10.0,-105,-115,0.0,198.5,-110,195.5,-110,196.0,-110,196.0,-105,198,-110,196.0,-110,196.67,-109.17,198.5,195.5,-105,-110,78,-38,L,194
2016-05-25,home,Cleveland,Toronto,1610612739,0041500305,39.6,-760,-777,-850,-795,,-800,-805.5,-777.0,-850.0,60.2,-10.0,-115,-11.0,-103,-11.5,-110,-11.0,-105,-11.0,-115,-11.0,-105,-10.92,-108.83,-10.0,-11.5,-103,-115,100.0,198.5,-110,195.5,-100,196.0,-110,196.0,-105,198,-110,196.0,-110,196.67,-107.5,198.5,195.5,-100,-110,116,38,W,194
2016-05-26,away,Oklahoma City,Golden State,1610612760,0041500315,62.4,290,292,310,310,270.0,290,294.4,310.0,270.0,43.9,7.0,-110,7.5,-116,7.5,-110,7.5,-105,7.5,-105,7.0,-105,7.33,-108.5,7.5,7.0,-105,-116,0.0,221.0,-110,219.5,-101,219.5,-110,220.0,-105,220,-110,219.5,-110,219.92,-107.67,221.0,219.5,-101,-110,111,-9,L,231
2016-05-26,home,Golden State,Oklahoma City,1610612744,0041500315,37.6,-350,-333,-370,-380,-340.0,-350,-354.6,-333.0,-380.0,56.1,-7.0,-110,-7.5,-105,-7.5,-110,-7.5,-115,-7.5,-115,-7.0,-115,-7.33,-111.67,-7.0,-7.5,-105,-115,100.0,221.0,-110,219.5,-109,219.5,-110,220.0,-105,220,-110,219.5,-110,219.92,-109.0,221.0,219.5,-105,-110,120,9,W,231
2016-05-27,away,Cleveland,Toronto,1610612739,0041500306,45.1,-275,-290,-290,-290,-275.0,-290,-287.0,-275.0,-290.0,52.4,-6.5,-110,-6.5,-110,-6.5,-110,-6.5,-105,-7.0,-110,-6.5,-105,-6.58,-108.33,-6.5,-7.0,-105,-110,58.4,197.0,-110,198.5,-105,198.0,-110,198.0,-105,199,-110,198.0,-110,198.08,-108.33,199.0,197.0,-105,-110,113,26,W,200
2016-05-27,home,Toronto,Cleveland,1610612761,0041500306,54.9,230,256,245,230,235.0,245,242.2,256.0,230.0,47.6,6.5,-110,6.5,-100,6.5,-110,6.5,-105,7.0,-110,6.5,-115,6.58,-108.33,7.0,6.5,-100,-115,41.6,197.0,-110,198.5,-105,198.0,-110,198.0,-105,199,-110,198.0,-110,198.08,-108.33,199.0,197.0,-105,-110,87,-26,L,200
2016-05-28,away,Golden State,Oklahoma City,1610612744,0041500316,46.8,110,141,135,145,120.0,135,135.2,145.0,120.0,35.0,1.5,-110,3.5,-103,3.5,-110,3.5,-105,3.0,-105,3.0,-105,3.0,-106.33,3.5,1.5,-103,-110,48.8,221.0,-110,221.5,-100,221.5,-110,222.0,-105,222,-115,221.5,-108,221.58,-108.0,222.0,221.0,-100,-115,108,7,W,209
2016-05-28,home,Oklahoma City,Golden State,1610612760,0041500316,53.2,-130,-156,-155,-165,-140.0,-155,-154.2,-140.0,-165.0,65.0,-1.5,-110,-3.5,-107,-3.5,-110,-3.5,-105,-3.0,-115,-3.0,-115,-3.0,-110.33,-1.5,-3.5,-105,-115,51.2,221.0,-110,221.5,-110,221.5,-110,222.0,-105,222,-105,221.5,-112,221.58,-108.67,222.0,221.0,-105,-112,101,-7,L,209
2016-05-30,away,Oklahoma City,Golden State,1610612760,0041500317,48.4,290,285,280,305,240.0,285,279.0,305.0,240.0,41.1,7.5,-110,7.0,-107,7.0,-110,7.0,-105,7.0,-110,7.0,-107,7.08,-108.17,7.5,7.0,-105,-110,53.6,219.5,-110,219.5,-100,219.0,-110,219.5,-105,219,-115,219.0,-111,219.25,-108.5,219.5,219.0,-100,-115,88,-8,L,184
2016-05-30,home,Golden State,Oklahoma City,1610612744,0041500317,51.6,-350,-325,-340,-375,-280.0,-340,-332.0,-280.0,-375.0,58.9,-7.5,-110,-7.0,-103,-7.0,-110,-7.0,-105,-7.0,-110,-7.0,-113,-7.08,-108.5,-7.0,-7.5,-103,-113,46.4,219.5,-110,219.5,-110,219.0,-110,219.5,-105,219,-105,219.0,-109,219.25,-108.17,219.5,219.0,-105,-110,96,8,W,184
2016-06-02,away,Cleveland,Golden State,1610612739,0041500401,58.9,215,346,205,190,175.0,205,224.2,346.0,175.0,46.2,5.5,-110,6.0,-106,5.5,-101,5.5,-105,6.0,-115,6.0,-113,5.75,-108.33,6.0,5.5,-101,-115,52.4,210.0,-110,211.0,-105,211.0,-105,211.5,-105,211,-110,211.0,-115,210.92,-108.33,211.5,210.0,-105,-115,89,-15,L,193
2016-06-02,home,Golden State,Cleveland,1610612744,0041500401,41.1,-255,-400,-225,-230,-210.0,-245,-262.0,-210.0,-400.0,53.8,-5.5,-110,-6.0,-104,-5.5,-109,-5.5,-105,-6.0,-105,-6.0,-107,-5.75,-106.67,-5.5,-6.0,-104,-110,47.6,210.0,-110,211.0,-105,211.0,-105,211.5,-105,211,-110,211.0,-105,210.92,-106.67,211.5,210.0,-105,-110,104,15,W,193
2016-06-05,away,Cleveland,Golden State,1610612739,0041500402,55.6,225,638,200,205,175.0,200,283.6,638.0,175.0,33.1,6.5,-110,6.0,-100,6.0,-110,6.0,-105,6.0,-105,6.0,-105,6.08,-105.83,6.5,6.0,-100,-110,55.3,206.0,-110,209.0,-108,209.0,-110,209.5,-105,209,-115,209.0,-110,208.58,-109.67,209.5,206.0,-105,-115,77,-33,L,187
2016-06-05,home,Golden State,Cleveland,1610612744,0041500402,44.4,-265,-800,-240,-245,-210.0,-240,-347.0,-210.0,-800.0,66.9,-6.5,-110,-6.0,-110,-6.0,-110,-6.0,-105,-6.0,-115,-6.0,-115,-6.08,-110.83,-6.0,-6.5,-105,-115,44.7,206.0,-110,209.0,-102,209.0,-110,209.5,-105,209,-105,209.0,-110,208.58,-107.0,209.5,206.0,-102,-110,110,33,W,187
2016-06-08,away,Golden State,Cleveland,1610612744,0041500403,54.5,-102,105,103,110,,103,105.25,110.0,103.0,51.4,0.0,-110,1.5,-105,1.5,-110,2.0,-105,-1.0,-105,1.5,-105,0.92,-106.67,2.0,-1.0,-105,-110,45.0,206.0,-110,206.5,-103,206.0,-110,206.5,-105,205,-120,206.0,-115,206.0,-110.5,206.5,205.0,-103,-120,90,-30,L,210
2016-06-08,home,Cleveland,Golden State,1610612739,0041500403,45.5,-118,-116,-123,-130,,-123,-123.0,-116.0,-130.0,48.6,0.0,-110,-1.5,-105,-1.5,-110,-2.0,-105,1.0,-115,-1.5,-115,-0.92,-110.0,1.0,-2.0,-105,-115,55.0,206.0,-110,206.5,-107,206.0,-110,206.5,-105,205,-100,206.0,-105,206.0,-106.17,206.5,205.0,-100,-110,120,30,W,210
2016-06-10,away,Golden State,Cleveland,1610612744,0041500404,53.8,-115,122,120,125,,115,120.5,125.0,115.0,41.0,-1.0,-110,2.5,-106,2.5,-110,2.5,-105,2.0,-105,2.5,-117,1.83,-108.83,2.5,-1.0,-105,-117,51.6,206.0,-110,207.5,-105,207.0,-110,208.0,-105,207,-115,207.0,-115,207.08,-110.0,208.0,206.0,-105,-115,108,11,W,205
2016-06-10,home,Cleveland,Golden State,1610612739,0041500404,46.2,-105,-135,-140,-145,,-135,-138.75,-135.0,-145.0,59.0,1.0,-110,-2.5,-104,-2.5,-110,-2.5,-105,-2.0,-115,-2.5,-103,-1.83,-107.83,1.0,-2.5,-103,-115,48.4,206.0,-110,207.5,-105,207.0,-110,208.0,-105,207,-105,207.0,-105,207.08,-106.67,208.0,206.0,-105,-110,97,-11,L,205
2016-06-13,away,Cleveland,Golden State,1610612739,0041500405,54.4,320,185,180,190,170.0,175,180.0,190.0,170.0,33.2,8.0,-110,5.5,-108,5.5,-110,5.5,-105,6.0,-110,5.5,-105,6.0,-108.0,8.0,5.5,-105,-110,54.7,206.0,-110,209.0,-103,209.0,-110,209.0,-105,208,-115,209.0,-110,208.33,-108.83,209.0,206.0,-103,-115,112,15,W,209
2016-06-13,home,Golden State,Cleveland,1610612744,0041500405,45.6,-380,-206,-220,-225,-200.0,-205,-211.2,-200.0,-225.0,66.8,-8.0,-110,-5.5,-102,-5.5,-110,-5.5,-105,-6.0,-110,-5.5,-115,-6.0,-108.67,-5.5,-8.0,-102,-115,45.3,206.0,-110,209.0,-107,209.0,-110,209.0,-105,208,-105,209.0,-110,208.33,-107.83,209.0,206.0,-105,-110,97,-15,L,209
2016-06-16,away,Golden State,Cleveland,1610612744,0041500406,59.9,120,116,105,125,,109,113.75,125.0,105.0,52.2,1.0,-110,2.0,-103,1.5,-110,2.0,-105,2.0,-115,2.0,-110,1.75,-108.83,2.0,1.0,-103,-115,51.8,207.0,-110,207.5,-104,208.0,-110,208.0,-105,208,-110,207.5,-110,207.67,-108.17,208.0,207.0,-104,-110,101,-14,L,216
2016-06-16,home,Cleveland,Golden State,1610612739,0041500406,40.1,-140,-128,-125,-145,,-129,-131.75,-125.0,-145.0,47.8,-1.0,-110,-2.0,-107,-1.5,-110,-2.0,-105,-2.0,-105,-2.0,-110,-1.75,-107.83,-1.0,-2.0,-105,-110,48.2,207.0,-110,207.5,-106,208.0,-110,208.0,-105,208,-110,207.5,-110,207.67,-108.5,208.0,207.0,-105,-110,115,14,W,216
2016-06-19,away,Cleveland,Golden State,1610612739,0041500407,50.0,170,166,165,175,140.0,160,161.2,175.0,140.0,0.0,5.0,-110,5.0,-109,4.5,-110,5.0,-105,5.0,-115,5.0,-115,4.92,-110.67,5.0,4.5,-105,-115,52.2,206.5,-110,205.0,-106,204.0,-110,205.0,-105,206,-110,204.5,-100,205.17,-106.83,206.5,204.0,-100,-110,93,4,W,182
2016-06-19,home,Golden State,Cleveland,1610612744,0041500407,50.0,-195,-185,-190,-200,-160.0,-180,-183.0,-160.0,-200.0,100.0,-5.0,-110,-5.0,-101,-4.5,-110,-5.0,-105,-5.0,-105,-5.0,-105,-4.92,-106.0,-4.5,-5.0,-101,-110,47.8,206.5,-110,205.0,-104,204.0,-110,205.0,-105,206,-110,204.5,-120,205.17,-109.83,206.5,204.0,-104,-120,89,-4,L,182
