Date,Location,Team,OppTeam,TeamId,GameId,PercentBet_ML,Open_Line_ML,Pinnacle_ML,5dimes_ML,Heritage_ML,Bovada_ML,Betonline_ML,Average_Line_ML,Best_Line_ML,Worst_Line_ML,PercentBet_Spread,Open_Line_Spread,Open_Odds_Spread,Pinnacle_Line_Spread,Pinnacle_Odds_Spread,5dimes_Line_Spread,5dimes_Odds_Spread,Heritage_Line_Spread,Heritage_Odds_Spread,Bovada_Line_Spread,Bovada_Odds_Spread,Betonline_Line_Spread,Betonline_Odds_Spread,Average_Line_Spread,Average_Odds_Spread,Best_Line_Spread,Worst_Line_Spread,Best_Odds_Spread,Worst_Odds_Spread,PercentBet_OU,Open_Line_OU,Open_Odds_OU,Pinnacle_Line_OU,Pinnacle_Odds_OU,5dimes_Line_OU,5dimes_Odds_OU,Heritage_Line_OU,Heritage_Odds_OU,Bovada_Line_OU,Bovada_Odds_OU,Betonline_Line_OU,Betonline_Odds_OU,Average_Line_OU,Average_Odds_OU,Best_Line_OU,Worst_Line_OU,Best_Odds_OU,Worst_Odds_OU,Pts,Spread,Result,Total
2017-04-05,away,Miami,Charlotte,1610612748,0021601165,45.9,105,132,125,130,125.0,125,127.4,132.0,125.0,0.0,3.0,-110,2.5,-102,2.5,-110,3.0,-105,2.5,-105,2.5,-110,2.67,-107.0,3.0,2.5,-102,-110,46.3,208.5,-110,204.0,-106,204.0,-110,204.0,-105,204,-115,203.5,-117,204.67,-110.5,208.5,203.5,-105,-117,112,13,W,211
2017-04-05,home,Charlotte,Miami,1610612766,0021601165,54.1,-125,-146,-145,-150,-145.0,-145,-146.2,-145.0,-150.0,100.0,-3.0,-110,-2.5,-113,-2.5,-110,-3.0,-105,-2.5,-115,-2.5,-110,-2.67,-110.5,-2.5,-3.0,-105,-115,53.7,208.5,-110,204.0,-104,204.0,-110,204.0,-105,204,-105,203.5,-103,204.67,-106.17,208.5,203.5,-103,-110,99,-13,L,211
2017-04-05,away,Toronto,Detroit,1610612761,0021601166,66.2,-102,-147,-150,-155,-155.0,-150,-151.4,-147.0,-155.0,54.9,-2.0,-110,-3.0,-106,-3.0,-110,-3.0,-105,-3.0,-110,-3.0,-110,-2.83,-108.5,-2.0,-3.0,-105,-110,40.7,196.0,-110,201.5,-108,201.5,-110,202.0,-105,202,-110,201.5,-110,200.75,-108.83,202.0,196.0,-105,-110,105,3,W,207
2017-04-05,home,Detroit,Toronto,1610612765,0021601166,33.8,-118,133,130,135,135.0,130,132.6,135.0,130.0,45.1,2.0,-110,3.0,-104,3.0,-110,3.0,-105,3.0,-110,3.0,-110,2.83,-108.17,3.0,2.0,-104,-110,59.3,196.0,-110,201.5,-102,201.5,-110,202.0,-105,202,-110,201.5,-110,200.75,-107.83,202.0,196.0,-102,-110,102,-3,L,207
2017-04-05,away,Oklahoma City,Memphis,1610612760,0021601167,57.5,103,-138,-135,-135,-150.0,-140,-139.6,-135.0,-150.0,45.1,2.0,-110,-2.5,-105,-2.5,-108,-2.5,-105,-2.5,-110,-2.5,-110,-1.75,-108.0,2.0,-2.5,-105,-110,50.0,203.0,-110,198.5,-102,198.5,-102,198.5,-105,199,-105,198.5,-110,199.33,-105.67,203.0,198.5,-102,-110,103,3,W,203
2017-04-05,home,Memphis,Oklahoma City,1610612763,0021601167,42.5,-123,125,125,115,130.0,120,123.0,130.0,115.0,54.9,-2.0,-110,2.5,-105,2.5,-102,2.5,-105,2.5,-110,2.5,-110,1.75,-107.0,2.5,-2.0,-102,-110,50.0,203.0,-110,198.5,-108,198.5,-108,198.5,-105,199,-115,198.5,-110,199.33,-109.33,203.0,198.5,-105,-115,100,-3,L,203
2017-04-05,away,Denver,Houston,1610612743,0021601168,0.0,385,285,300,270,265.0,290,282.0,300.0,265.0,6.7,8.5,-110,7.5,-107,7.5,-105,7.0,-105,7.5,-115,7.5,-107,7.58,-108.17,8.5,7.0,-105,-115,0.0,241.0,-110,242.0,-106,240.5,-105,242.0,-105,241,-115,241.5,-110,241.33,-108.5,242.0,240.5,-105,-115,104,-6,L,214
2017-04-05,home,Houston,Denver,1610612745,0021601168,100.0,-460,-325,-330,-330,-330.0,-350,-333.0,-325.0,-350.0,93.3,-8.5,-110,-7.5,-103,-7.5,-105,-7.0,-105,-7.5,-105,-7.5,-113,-7.58,-106.83,-7.0,-8.5,-103,-113,100.0,241.0,-110,242.0,-104,240.5,-105,242.0,-105,241,-105,241.5,-110,241.33,-106.5,242.0,240.5,-104,-110,110,6,W,214
2017-04-05,away,Cleveland,Boston,1610612739,0021601169,0.0,145,151,155,145,145.0,153,149.8,155.0,145.0,8.3,3.5,-110,4.0,-105,4.0,-110,4.0,-105,4.0,-115,4.0,-106,3.92,-108.5,4.0,3.5,-105,-115,48.1,219.0,-110,222.0,-108,222.0,-110,222.0,-105,222,-110,222.0,-110,221.5,-108.83,222.0,219.0,-105,-110,114,23,W,205
2017-04-05,home,Boston,Cleveland,1610612738,0021601169,100.0,-165,-167,-175,-165,-165.0,-173,-169.0,-165.0,-175.0,91.7,-3.5,-110,-4.0,-105,-4.0,-110,-4.0,-105,-4.0,-105,-4.0,-114,-3.92,-108.17,-3.5,-4.0,-105,-114,51.9,219.0,-110,222.0,-102,222.0,-110,222.0,-105,222,-110,222.0,-110,221.5,-107.83,222.0,219.0,-102,-110,91,-23,L,205
2017-04-05,away,L.A. Lakers,San Antonio,1610612747,0021601170,36.4,445,1051,1050,835,750.0,1025,942.2,1051.0,750.0,35.0,11.0,-110,13.5,-109,13.5,-105,13.5,-105,13.5,-110,13.5,-110,13.08,-108.17,13.5,11.0,-105,-110,61.3,204.0,-110,208.0,-103,208.0,-102,208.0,-105,208,-110,208.0,-110,207.33,-106.67,208.0,204.0,-102,-110,102,7,W,197
2017-04-05,home,San Antonio,L.A. Lakers,1610612759,0021601170,63.6,-550,-1500,-1300,-1185,-1400.0,-1600,-1397.0,-1185.0,-1600.0,65.0,-11.0,-110,-13.5,-101,-13.5,-105,-13.5,-105,-13.5,-110,-13.5,-110,-13.08,-106.83,-11.0,-13.5,-101,-110,38.7,204.0,-110,208.0,-107,208.0,-108,208.0,-105,208,-110,208.0,-110,207.33,-108.33,208.0,204.0,-105,-110,95,-7,L,197
2017-04-05,away,Golden State,Phoenix,1610612744,0021601171,10.5,-330,-460,-470,-445,-500.0,-475,-470.0,-445.0,-500.0,59.4,-7.5,-110,-8.5,-111,-8.5,-110,-8.5,-105,-9.5,-105,-8.5,-110,-8.5,-108.5,-7.5,-9.5,-105,-111,60.0,217.5,-110,229.0,-107,228.5,-110,229.0,-105,228,-120,229.0,-110,226.83,-110.33,229.0,217.5,-105,-120,120,9,W,231
2017-04-05,home,Phoenix,Golden State,1610612756,0021601171,89.5,275,393,375,355,350.0,400,374.6,400.0,350.0,40.6,7.5,-110,8.5,-101,8.5,-110,8.5,-105,9.5,-115,8.5,-110,8.5,-108.5,9.5,7.5,-101,-115,40.0,217.5,-110,229.0,-103,228.5,-110,229.0,-105,228,-100,229.0,-110,226.83,-106.33,229.0,217.5,-100,-110,111,-9,L,231
2017-04-05,away,Dallas,L.A. Clippers,1610612742,0021601172,52.5,725,604,550,605,525.0,600,576.8,605.0,525.0,0.0,12.0,-110,11.0,-100,11.0,-110,11.5,-105,11.5,-115,11.0,-102,11.33,-107.0,12.0,11.0,-100,-115,50.0,203.5,-110,204.5,-109,204.5,-110,205.0,-105,205,-110,204.5,-110,204.5,-109.0,205.0,203.5,-105,-110,101,-11,L,213
2017-04-05,home,L.A. Clippers,Dallas,1610612746,0021601172,47.5,-1000,-750,-800,-855,-850.0,-800,-811.0,-750.0,-855.0,100.0,-12.0,-110,-11.0,-110,-11.0,-110,-11.5,-105,-11.5,-105,-11.0,-118,-11.33,-109.67,-11.0,-12.0,-105,-118,50.0,203.5,-110,204.5,-101,204.5,-110,205.0,-105,205,-110,204.5,-110,204.5,-107.67,205.0,203.5,-101,-110,112,11,W,213
2017-04-06,away,Chicago,Philadelphia,1610612741,0021601173,49.1,-260,-250,-245,-250,-245.0,-255,-249.0,-245.0,-255.0,52.7,-5.5,-110,-6.0,-111,-6.0,-110,-6.0,-105,-6.0,-110,-6.0,-110,-5.92,-109.33,-5.5,-6.0,-105,-111,47.4,211.0,-110,209.0,-110,209.5,-110,209.0,-105,210,-105,209.0,-110,209.58,-108.33,211.0,209.0,-105,-110,102,12,W,192
2017-04-06,home,Philadelphia,Chicago,1610612755,0021601173,50.9,220,222,205,210,205.0,215,211.4,222.0,205.0,47.3,5.5,-110,6.0,-101,6.0,-110,6.0,-105,6.0,-110,6.0,-110,5.92,-107.67,6.0,5.5,-101,-110,52.6,211.0,-110,209.0,-100,209.5,-110,209.0,-105,210,-115,209.0,-110,209.58,-108.33,211.0,209.0,-100,-115,90,-12,L,192
2017-04-06,away,Brooklyn,Orlando,1610612751,0021601174,50.0,120,103,-102,-105,-110.0,-102,-63.2,103.0,-110.0,50.0,-1.0,-110,1.0,-101,1.0,-110,1.0,-105,1.0,-115,1.0,-110,0.67,-108.5,1.0,-1.0,-101,-115,33.3,223.5,-110,222.0,-108,222.0,-110,222.0,-105,222,-110,222.0,-110,222.25,-108.83,223.5,222.0,-105,-110,107,-8,L,222
2017-04-06,home,Orlando,Brooklyn,1610612753,0021601174,50.0,-140,-114,-118,-115,-110.0,-118,-115.0,-110.0,-118.0,50.0,1.0,-110,-1.0,-109,-1.0,-110,-1.0,-105,-1.0,-105,-1.0,-110,-0.67,-108.17,1.0,-1.0,-105,-110,66.7,223.5,-110,222.0,-102,222.0,-110,222.0,-105,222,-110,222.0,-110,222.25,-107.83,223.5,222.0,-102,-110,115,8,W,222
2017-04-06,away,Milwaukee,Indiana,1610612749,0021601175,0.0,165,174,170,165,165.0,175,169.8,175.0,165.0,52.8,4.5,-110,4.5,-100,5.0,-110,4.5,-105,4.5,-105,4.5,-110,4.58,-106.67,5.0,4.5,-100,-110,61.1,202.0,-110,203.5,-109,203.5,-110,203.5,-105,205,-110,203.5,-110,203.5,-109.0,205.0,202.0,-105,-110,89,-15,L,193
2017-04-06,home,Indiana,Milwaukee,1610612754,0021601175,100.0,-190,-194,-200,-190,-190.0,-205,-195.8,-190.0,-205.0,47.2,-4.5,-110,-4.5,-110,-5.0,-110,-4.5,-105,-4.5,-115,-4.5,-110,-4.58,-110.0,-4.5,-5.0,-105,-115,38.9,202.0,-110,203.5,-101,203.5,-110,203.5,-105,205,-110,203.5,-110,203.5,-107.67,205.0,202.0,-101,-110,104,15,W,193
2017-04-06,away,Washington,New York,1610612764,0021601176,56.8,-220,-242,-240,-265,-265.0,-260,-254.4,-240.0,-265.0,54.8,-5.5,-110,-6.0,-105,-6.0,-103,-6.0,-105,-6.5,-105,-6.0,-113,-6.0,-106.83,-5.5,-6.5,-103,-113,60.0,217.0,-110,218.0,-106,217.5,-102,217.5,-105,218,-110,217.5,-110,217.58,-107.17,218.0,217.0,-102,-110,106,3,W,209
2017-04-06,home,New York,Washington,1610612752,0021601176,43.2,190,216,220,215,225.0,220,219.2,225.0,215.0,45.2,5.5,-110,6.0,-105,6.0,-107,6.0,-105,6.5,-115,6.0,-107,6.0,-108.17,6.5,5.5,-105,-115,40.0,217.0,-110,218.0,-104,217.5,-108,217.5,-105,218,-110,217.5,-110,217.58,-107.83,218.0,217.0,-104,-110,103,-3,L,209
2017-04-06,away,Boston,Atlanta,1610612738,0021601177,62.9,-125,-113,-117,-120,-130.0,-113,-118.6,-113.0,-130.0,59.7,-3.0,-110,-1.0,-107,-1.0,-110,-1.5,-105,-2.0,-110,-1.0,-105,-1.58,-107.83,-1.0,-3.0,-105,-110,51.8,213.0,-110,208.5,-102,209.0,-110,209.0,-105,209,-105,208.5,-105,209.5,-106.17,213.0,208.5,-102,-110,116,-7,L,239
2017-04-06,home,Atlanta,Boston,1610612737,0021601177,37.1,105,102,-103,100,110.0,-107,20.4,110.0,-107.0,40.3,3.0,-110,1.0,-103,1.0,-110,1.5,-105,2.0,-110,1.0,-115,1.58,-108.83,3.0,1.0,-103,-115,48.2,213.0,-110,208.5,-108,209.0,-110,209.0,-105,209,-115,208.5,-115,209.5,-110.5,213.0,208.5,-105,-115,123,7,W,239
2017-04-06,away,Minnesota,Portland,1610612750,0021601178,4.5,205,195,180,195,195.0,200,193.0,200.0,180.0,38.9,6.0,-110,5.5,-108,5.5,-110,5.5,-105,6.0,-105,5.5,-113,5.67,-108.5,6.0,5.5,-105,-113,56.0,220.0,-110,216.5,-102,217.0,-110,217.5,-105,218,-110,217.0,-110,217.67,-107.83,220.0,216.5,-102,-110,98,-7,L,203
2017-04-06,home,Portland,Minnesota,1610612757,0021601178,95.5,-245,-218,-220,-230,-235.0,-240,-228.6,-218.0,-240.0,61.1,-6.0,-110,-5.5,-102,-5.5,-110,-5.5,-105,-6.0,-115,-5.5,-107,-5.67,-108.17,-5.5,-6.0,-102,-115,44.0,220.0,-110,216.5,-108,217.0,-110,217.5,-105,218,-110,217.0,-110,217.67,-108.83,220.0,216.5,-105,-110,105,7,W,203
2017-04-07,away,Atlanta,Cleveland,1610612737,0021601179,0.0,545,1289,1150,1210,950.0,1175,1154.8,1289.0,950.0,46.0,9.0,-110,15.5,-105,15.5,-110,15.5,-105,15.5,-110,15.5,-109,14.42,-108.17,15.5,9.0,-105,-110,53.6,213.5,-110,212.0,-109,212.5,-110,212.5,-105,213,-115,212.5,-110,212.67,-109.83,213.5,212.0,-105,-115,114,14,W,214
2017-04-07,home,Cleveland,Atlanta,1610612739,0021601179,100.0,-710,-2000,-1800,-1860,-2000.0,-2000,-1932.0,-1800.0,-2000.0,54.0,-9.0,-110,-15.5,-105,-15.5,-110,-15.5,-105,-15.5,-110,-15.5,-111,-14.42,-108.5,-9.0,-15.5,-105,-111,46.4,213.5,-110,212.0,-101,212.5,-110,212.5,-105,213,-105,212.5,-110,212.67,-106.83,213.5,212.0,-101,-110,100,-14,L,214
2017-04-07,away,Miami,Toronto,1610612748,0021601180,48.1,195,166,170,170,170.0,165,168.2,170.0,165.0,44.0,5.0,-110,4.5,-110,4.5,-105,4.5,-105,4.5,-105,4.5,-115,4.58,-108.33,5.0,4.5,-105,-115,53.2,208.5,-110,207.0,-109,207.0,-108,207.5,-105,207,-115,207.0,-115,207.33,-110.33,208.5,207.0,-105,-115,94,-2,L,190
2017-04-07,home,Toronto,Miami,1610612761,0021601180,51.9,-225,-185,-185,-195,-200.0,-190,-191.0,-185.0,-200.0,56.0,-5.0,-110,-4.5,-100,-4.5,-105,-4.5,-105,-4.5,-115,-4.5,-105,-4.58,-106.67,-4.5,-5.0,-100,-115,46.8,208.5,-110,207.0,-101,207.0,-102,207.5,-105,207,-105,207.0,-105,207.33,-104.67,208.5,207.0,-101,-110,96,2,W,190
2017-04-07,away,New York,Memphis,1610612752,0021601181,64.1,635,828,850,745,800.0,775,799.6,850.0,745.0,53.6,11.5,-105,12.0,-105,12.5,-105,12.5,-105,12.5,-110,12.5,-110,12.25,-106.67,12.5,11.5,-105,-110,0.0,199.0,-110,195.5,-100,195.5,-108,196.0,-105,196,-105,195.5,-110,196.25,-106.33,199.0,195.5,-100,-110,88,-13,L,189
2017-04-07,home,Memphis,New York,1610612763,0021601181,35.9,-850,-1100,-1050,-1045,-1600.0,-1100,-1179.0,-1045.0,-1600.0,46.4,-11.5,-115,-12.0,-105,-12.5,-105,-12.5,-105,-12.5,-110,-12.5,-110,-12.25,-108.33,-11.5,-12.5,-105,-115,100.0,199.0,-110,195.5,-110,195.5,-102,196.0,-105,196,-115,195.5,-110,196.25,-108.67,199.0,195.5,-102,-115,101,13,W,189
2017-04-07,away,Detroit,Houston,1610612765,0021601182,55.3,600,534,635,570,500.0,560,559.8,635.0,500.0,47.3,12.0,-110,10.5,-105,11.0,-109,11.0,-105,11.0,-110,11.0,-115,11.08,-109.0,12.0,10.5,-105,-115,11.1,227.0,-110,224.5,-107,224.0,-106,224.0,-105,224,-110,224.0,-110,224.58,-108.0,227.0,224.0,-105,-110,114,5,W,223
2017-04-07,home,Houston,Detroit,1610612745,0021601182,44.7,-800,-650,-800,-745,-800.0,-725,-744.0,-650.0,-800.0,52.7,-12.0,-110,-10.5,-105,-11.0,-101,-11.0,-105,-11.0,-110,-11.0,-105,-11.08,-106.0,-10.5,-12.0,-101,-110,88.9,227.0,-110,224.5,-103,224.0,-104,224.0,-105,224,-110,224.0,-110,224.58,-107.0,227.0,224.0,-103,-110,109,-5,L,223
2017-04-07,away,San Antonio,Dallas,1610612759,0021601183,51.6,230,180,185,180,170.0,175,178.0,185.0,170.0,0.0,5.5,-110,5.0,-100,4.5,-102,5.0,-105,5.0,-105,5.0,-110,5.0,-105.33,5.5,4.5,-100,-110,52.3,188.5,-110,190.0,-100,189.0,-105,189.0,-105,190,-105,189.5,-110,189.33,-105.83,190.0,188.5,-100,-110,102,13,W,191
2017-04-07,home,Dallas,San Antonio,1610612742,0021601183,48.4,-275,-200,-200,-210,-200.0,-205,-203.0,-200.0,-210.0,100.0,-5.5,-110,-5.0,-110,-4.5,-108,-5.0,-105,-5.0,-115,-5.0,-110,-5.0,-109.67,-4.5,-5.5,-105,-115,47.7,188.5,-110,190.0,-110,189.0,-105,189.0,-105,190,-115,189.5,-110,189.33,-109.17,190.0,188.5,-105,-115,89,-13,L,191
2017-04-07,away,New Orleans,Denver,1610612740,0021601184,48.2,260,252,260,255,250.0,250,253.4,260.0,250.0,0.0,6.0,-110,7.5,-111,7.5,-105,7.5,-105,7.5,-110,7.5,-110,7.25,-108.5,7.5,6.0,-105,-111,58.6,231.5,-110,229.5,-109,229.0,-107,229.5,-105,229,-115,229.5,-110,229.67,-109.33,231.5,229.0,-105,-115,106,-16,L,228
2017-04-07,home,Denver,New Orleans,1610612743,0021601184,51.8,-310,-285,-290,-315,-300.0,-300,-298.0,-285.0,-315.0,100.0,-6.0,-110,-7.5,-101,-7.5,-105,-7.5,-105,-7.5,-110,-7.5,-110,-7.25,-106.83,-6.0,-7.5,-101,-110,41.4,231.5,-110,229.5,-101,229.0,-103,229.5,-105,229,-105,229.5,-110,229.67,-105.67,231.5,229.0,-101,-110,122,16,W,228
2017-04-07,away,Minnesota,Utah,1610612750,0021601185,0.0,360,569,570,525,475.0,545,536.8,570.0,475.0,0.0,9.0,-110,11.0,-110,11.0,-107,11.0,-105,11.0,-110,11.0,-115,10.67,-109.5,11.0,9.0,-105,-115,0.0,200.0,-110,197.0,-110,197.5,-107,197.0,-105,198,-105,197.0,-110,197.75,-107.83,200.0,197.0,-105,-110,113,-7,L,233
2017-04-07,home,Utah,Minnesota,1610612762,0021601185,100.0,-430,-700,-705,-675,-750.0,-710,-708.0,-675.0,-750.0,100.0,-9.0,-110,-11.0,-100,-11.0,-103,-11.0,-105,-11.0,-110,-11.0,-105,-10.67,-105.5,-9.0,-11.0,-100,-110,100.0,200.0,-110,197.0,-100,197.5,-103,197.0,-105,198,-115,197.0,-110,197.75,-107.17,200.0,197.0,-100,-115,120,7,W,233
2017-04-07,away,Oklahoma City,Phoenix,1610612760,0021601186,44.9,-370,-450,-450,-505,-600.0,-470,-495.0,-450.0,-600.0,48.9,-7.0,-110,-9.0,-104,-9.0,-102,-9.0,-105,-9.0,-110,-9.0,-110,-8.67,-106.83,-7.0,-9.0,-102,-110,0.0,225.5,-110,229.0,-115,229.0,-109,229.5,-105,229,-110,229.0,-115,228.5,-110.67,229.5,225.5,-105,-115,99,-21,L,219
2017-04-07,home,Phoenix,Oklahoma City,1610612756,0021601186,55.1,310,385,400,380,400.0,395,392.0,400.0,380.0,51.1,7.0,-110,9.0,-106,9.0,-108,9.0,-105,9.0,-110,9.0,-110,8.67,-108.17,9.0,7.0,-105,-110,100.0,225.5,-110,229.0,-104,229.0,-101,229.5,-105,229,-110,229.0,-105,228.5,-105.83,229.5,225.5,-101,-110,120,21,W,219
2017-04-07,away,Sacramento,L.A. Lakers,1610612758,0021601187,53.6,108,127,125,120,120.0,125,123.4,127.0,120.0,47.9,5.0,-110,2.5,-103,2.5,-103,2.5,-105,2.5,-110,2.5,-105,2.92,-106.0,5.0,2.5,-103,-110,42.9,216.0,-110,217.0,-113,217.0,-102,217.0,-105,217,-105,217.0,-110,216.83,-107.5,217.0,216.0,-102,-113,94,-4,L,192
2017-04-07,home,L.A. Lakers,Sacramento,1610612747,0021601187,46.4,-128,-140,-135,-140,-140.0,-145,-140.0,-135.0,-145.0,52.1,-5.0,-110,-2.5,-107,-2.5,-107,-2.5,-105,-2.5,-110,-2.5,-115,-2.92,-109.0,-2.5,-5.0,-105,-115,57.1,216.0,-110,217.0,-102,217.0,-108,217.0,-105,217,-115,217.0,-110,216.83,-108.33,217.0,216.0,-102,-115,98,4,W,192
2017-04-08,away,Chicago,Brooklyn,1610612741,0021601188,62.6,-150,-160,-165,-170,-170.0,-160,-165.0,-160.0,-170.0,60.1,-3.0,-110,-3.5,-100,-3.5,-110,-3.5,-105,-3.5,-110,-3.0,-110,-3.33,-107.5,-3.0,-3.5,-100,-110,43.9,216.5,-110,216.0,-109,215.0,-110,215.0,-105,215,-120,215.5,-110,215.5,-110.67,216.5,215.0,-105,-120,106,-1,L,213
2017-04-08,home,Brooklyn,Chicago,1610612751,0021601188,37.4,130,144,145,150,150.0,140,145.8,150.0,140.0,39.9,3.0,-110,3.5,-110,3.5,-110,3.5,-105,3.5,-110,3.0,-110,3.33,-109.17,3.5,3.0,-105,-110,56.1,216.5,-110,216.0,-101,215.0,-110,215.0,-105,215,-100,215.5,-110,215.5,-106.0,216.5,215.0,-100,-110,107,1,W,213
2017-04-08,away,Boston,Charlotte,1610612738,0021601189,0.0,-125,104,103,-105,-115.0,102,17.8,104.0,-115.0,61.0,-2.0,-110,1.5,-105,1.0,-105,1.0,-105,-1.0,-110,1.5,-108,0.33,-107.17,1.5,-2.0,-105,-110,49.7,213.5,-110,214.0,-100,214.0,-105,214.0,-105,214,-105,214.0,-105,213.92,-105.0,214.0,213.5,-100,-110,121,7,W,235
2017-04-08,home,Charlotte,Boston,1610612766,0021601189,100.0,105,-115,-113,-115,-105.0,-122,-114.0,-105.0,-122.0,39.0,2.0,-110,-1.5,-105,-1.0,-105,-1.0,-105,1.0,-110,-1.5,-112,-0.33,-107.83,2.0,-1.5,-105,-112,50.3,213.5,-110,214.0,-110,214.0,-105,214.0,-105,214,-115,214.0,-115,213.92,-110.0,214.0,213.5,-105,-115,114,-7,L,235
2017-04-08,away,Indiana,Orlando,1610612754,0021601190,59.8,-175,-183,-178,-195,-200.0,-190,-189.2,-178.0,-200.0,0.0,-3.5,-110,-4.5,-113,-5.0,-105,-5.0,-105,-5.0,-110,-4.5,-118,-4.58,-110.17,-3.5,-5.0,-105,-118,63.8,210.5,-110,212.5,-105,212.0,-105,212.0,-105,212,-115,212.5,-110,211.92,-108.33,212.5,210.5,-105,-115,127,15,W,239
2017-04-08,home,Orlando,Indiana,1610612753,0021601190,40.2,155,165,167,170,170.0,165,167.4,170.0,165.0,100.0,3.5,-110,4.5,-102,5.0,-105,5.0,-105,5.0,-110,4.5,-102,4.58,-105.67,5.0,3.5,-102,-110,36.2,210.5,-110,212.5,-105,212.0,-105,212.0,-105,212,-105,212.5,-110,211.92,-106.67,212.5,210.5,-105,-110,112,-15,L,239
2017-04-08,away,Milwaukee,Philadelphia,1610612749,0021601191,67.9,-250,-270,-290,-340,-320.0,-275,-299.0,-270.0,-340.0,8.3,-5.0,-110,-7.0,-109,-7.5,-110,-7.5,-105,-7.5,-110,-7.0,-115,-6.92,-109.83,-5.0,-7.5,-105,-115,47.4,208.5,-110,209.5,-104,209.0,-110,209.0,-105,209,-110,209.5,-110,209.08,-108.17,209.5,208.5,-104,-110,90,8,W,172
2017-04-08,home,Philadelphia,Milwaukee,1610612755,0021601191,32.1,210,239,245,270,260.0,230,248.8,270.0,230.0,91.7,5.0,-110,7.0,-101,7.5,-110,7.5,-105,7.5,-110,7.0,-105,6.92,-106.83,7.5,5.0,-101,-110,52.6,208.5,-110,209.5,-106,209.0,-110,209.0,-105,209,-110,209.5,-110,209.08,-108.5,209.5,208.5,-105,-110,82,-8,L,172
2017-04-08,away,Miami,Washington,1610612748,0021601192,30.7,205,155,145,140,140.0,150,146.0,155.0,140.0,0.0,5.5,-110,3.5,-103,3.5,-110,3.5,-105,4.0,-115,3.5,-110,3.92,-108.83,5.5,3.5,-103,-115,0.0,213.5,-110,217.0,-103,216.5,-110,216.0,-105,216,-115,216.5,-110,215.92,-108.83,217.0,213.5,-103,-115,106,3,W,209
2017-04-08,home,Washington,Miami,1610612764,0021601192,69.3,-245,-172,-165,-160,-160.0,-170,-165.4,-160.0,-172.0,100.0,-5.5,-110,-3.5,-107,-3.5,-110,-3.5,-105,-4.0,-105,-3.5,-110,-3.92,-107.83,-3.5,-5.5,-105,-110,100.0,213.5,-110,217.0,-107,216.5,-110,216.0,-105,216,-105,216.5,-110,215.92,-107.83,217.0,213.5,-105,-110,103,-3,L,209
2017-04-08,away,L.A. Clippers,San Antonio,1610612746,0021601193,50.5,140,112,105,100,100.0,108,105.0,112.0,100.0,0.0,4.0,-110,2.0,-104,1.5,-110,1.5,-105,1.5,-110,1.5,-105,2.0,-107.33,4.0,1.5,-104,-110,15.4,207.5,-110,208.0,-108,208.0,-110,208.0,-105,208,-115,208.0,-107,207.92,-109.17,208.0,207.5,-105,-115,98,11,W,185
2017-04-08,home,San Antonio,L.A. Clippers,1610612759,0021601193,49.5,-160,-124,-125,-120,-120.0,-128,-123.4,-120.0,-128.0,100.0,-4.0,-110,-2.0,-106,-1.5,-110,-1.5,-105,-1.5,-110,-1.5,-115,-2.0,-109.33,-1.5,-4.0,-105,-115,84.6,207.5,-110,208.0,-102,208.0,-110,208.0,-105,208,-105,208.0,-113,207.92,-107.5,208.0,207.5,-102,-113,87,-11,L,185
2017-04-08,away,Utah,Portland,1610612762,0021601194,0.0,105,122,125,120,125.0,120,122.4,125.0,120.0,2.6,-1.5,-110,2.5,-105,2.5,-102,2.5,-105,2.5,-105,2.5,-110,1.83,-106.17,2.5,-1.5,-102,-110,11.1,202.0,-110,201.0,-113,201.0,-109,201.5,-105,202,-110,201.5,-110,201.5,-109.5,202.0,201.0,-105,-113,86,-15,L,187
2017-04-08,home,Portland,Utah,1610612757,0021601194,100.0,-125,-135,-135,-140,-145.0,-140,-139.0,-135.0,-145.0,97.4,1.5,-110,-2.5,-105,-2.5,-108,-2.5,-105,-2.5,-115,-2.5,-110,-1.83,-108.83,1.5,-2.5,-105,-115,88.9,202.0,-110,201.0,-102,201.0,-101,201.5,-105,202,-110,201.5,-110,201.5,-106.33,202.0,201.0,-101,-110,101,15,W,187
2017-04-08,away,New Orleans,Golden State,1610612740,0021601195,0.0,975,1511,2050,1475,1400.0,1175,1522.2,2050.0,1175.0,0.0,13.0,-110,17.5,-103,17.0,-103,17.0,-105,17.0,-110,17.5,-108,16.5,-106.5,17.5,13.0,-103,-110,53.3,219.0,-110,216.5,-108,216.0,-105,216.5,-105,217,-115,216.0,-110,216.83,-108.83,219.0,216.0,-105,-115,101,-22,L,224
2017-04-08,home,Golden State,New Orleans,1610612744,0021601195,100.0,-1500,-2555,-2750,-3475,-4000.0,-2000,-2956.0,-2000.0,-4000.0,100.0,-13.0,-110,-17.5,-107,-17.0,-107,-17.0,-105,-17.0,-110,-17.5,-112,-16.5,-108.5,-13.0,-17.5,-105,-112,46.7,219.0,-110,216.5,-102,216.0,-105,216.5,-105,217,-105,216.0,-110,216.83,-106.17,219.0,216.0,-102,-110,123,22,W,224
2017-04-09,away,Toronto,New York,1610612761,0021601196,10.0,-525,-470,-475,-510,-500.0,-460,-483.0,-460.0,-510.0,51.9,-7.5,-110,-9.0,-106,-9.0,-110,-9.0,-105,-9.0,-115,-9.0,-112,-8.75,-109.67,-7.5,-9.0,-105,-115,48.5,203.0,-110,201.0,-100,201.0,-110,201.0,-105,201,-110,201.0,-110,201.33,-107.5,203.0,201.0,-100,-110,110,13,W,207
2017-04-09,home,New York,Toronto,1610612752,0021601196,90.0,430,400,380,385,350.0,385,380.0,400.0,350.0,48.1,7.5,-110,9.0,-104,9.0,-110,9.0,-105,9.0,-105,9.0,-108,8.75,-107.0,9.0,7.5,-104,-110,51.5,203.0,-110,201.0,-110,201.0,-110,201.0,-105,201,-110,201.0,-110,201.33,-109.17,203.0,201.0,-105,-110,97,-13,L,207
2017-04-09,away,Cleveland,Atlanta,1610612739,0021601197,64.4,-130,-183,-210,-215,-225.0,-205,-207.6,-183.0,-225.0,64.6,-2.0,-110,-4.5,-104,-5.0,-110,-5.0,-105,-5.5,-105,-5.0,-105,-4.5,-106.5,-2.0,-5.5,-104,-110,51.6,213.0,-110,214.0,-102,214.0,-110,214.5,-105,214,-115,214.0,-115,213.92,-109.5,214.5,213.0,-102,-115,125,-1,L,251
2017-04-09,home,Atlanta,Cleveland,1610612737,0021601197,35.6,110,165,175,185,185.0,175,177.0,185.0,165.0,35.4,2.0,-110,4.5,-106,5.0,-110,5.0,-105,5.5,-115,5.0,-115,4.5,-110.17,5.5,2.0,-105,-115,48.4,213.0,-110,214.0,-108,214.0,-110,214.5,-105,214,-105,214.0,-105,213.92,-107.17,214.5,213.0,-105,-110,126,1,W,251
2017-04-09,away,Oklahoma City,Denver,1610612760,0021601198,55.6,165,202,185,180,165.0,190,184.4,202.0,165.0,41.3,4.5,-110,5.0,-105,5.0,-105,5.0,-105,5.0,-110,5.0,-110,4.92,-107.5,5.0,4.5,-105,-110,48.1,230.0,-110,229.0,-102,229.0,-108,229.5,-105,229,-115,229.0,-110,229.25,-108.33,230.0,229.0,-102,-115,106,1,W,211
2017-04-09,home,Denver,Oklahoma City,1610612743,0021601198,44.4,-190,-226,-200,-210,-190.0,-220,-209.2,-190.0,-226.0,58.7,-4.5,-110,-5.0,-105,-5.0,-105,-5.0,-105,-5.0,-110,-5.0,-110,-4.92,-107.5,-4.5,-5.0,-105,-110,51.9,230.0,-110,229.0,-113,229.0,-102,229.5,-105,229,-105,229.0,-110,229.25,-107.5,230.0,229.0,-102,-113,105,-1,L,211
2017-04-09,away,Dallas,Phoenix,1610612742,0021601199,48.0,105,122,120,120,120.0,115,119.4,122.0,115.0,0.0,-2.5,-110,2.5,-100,2.5,-110,2.5,-105,2.5,-105,2.5,-110,1.67,-106.67,2.5,-2.5,-100,-110,54.0,214.5,-110,210.5,-111,210.5,-110,211.0,-105,211,-110,210.5,-110,211.33,-109.33,214.5,210.5,-105,-111,111,-13,L,235
2017-04-09,home,Phoenix,Dallas,1610612756,0021601199,52.0,-125,-135,-140,-140,-140.0,-135,-138.0,-135.0,-140.0,100.0,2.5,-110,-2.5,-110,-2.5,-110,-2.5,-105,-2.5,-115,-2.5,-110,-1.67,-110.0,2.5,-2.5,-105,-115,46.0,214.5,-110,210.5,-101,210.5,-110,211.0,-105,211,-110,210.5,-110,211.33,-107.67,214.5,210.5,-101,-110,124,13,W,235
2017-04-09,away,Houston,Sacramento,1610612745,0021601200,36.7,-475,-445,-470,-470,-500.0,-450,-467.0,-445.0,-500.0,45.9,-10.5,-110,-9.0,-104,-9.0,-110,-9.0,-105,-9.0,-115,-9.0,-110,-9.25,-109.0,-9.0,-10.5,-104,-115,40.7,227.0,-110,225.5,-105,225.5,-110,225.5,-105,225,-110,226.0,-110,225.75,-108.33,227.0,225.0,-105,-110,135,7,W,263
2017-04-09,home,Sacramento,Houston,1610612758,0021601200,63.3,400,381,375,370,350.0,375,370.2,381.0,350.0,54.1,10.5,-110,9.0,-106,9.0,-110,9.0,-105,9.0,-105,9.0,-110,9.25,-107.67,10.5,9.0,-105,-110,59.3,227.0,-110,225.5,-105,225.5,-110,225.5,-105,225,-110,226.0,-110,225.75,-108.33,227.0,225.0,-105,-110,128,-7,L,263
2017-04-09,away,Detroit,Memphis,1610612765,0021601201,44.4,245,204,185,190,185.0,190,190.8,204.0,185.0,44.5,9.0,-110,5.5,-100,5.5,-110,5.5,-105,5.5,-105,5.5,-118,6.08,-108.0,9.0,5.5,-100,-118,46.8,198.0,-110,193.0,-113,193.5,-110,193.5,-105,194,-105,193.5,-113,194.25,-109.33,198.0,193.0,-105,-113,103,13,W,193
2017-04-09,home,Memphis,Detroit,1610612763,0021601201,55.6,-290,-228,-225,-225,-225.0,-220,-224.6,-220.0,-228.0,55.5,-9.0,-110,-5.5,-110,-5.5,-110,-5.5,-105,-5.5,-115,-5.5,-102,-6.08,-108.67,-5.5,-9.0,-102,-115,53.2,198.0,-110,193.0,-102,193.5,-110,193.5,-105,194,-115,193.5,-107,194.25,-108.17,198.0,193.0,-102,-115,90,-13,L,193
2017-04-09,away,Minnesota,L.A. Lakers,1610612750,0021601202,40.0,-205,-219,-230,-245,-220.0,-220,-226.8,-219.0,-245.0,52.5,-4.5,-110,-6.0,-103,-6.0,-110,-6.0,-105,-6.0,-115,-6.0,-110,-5.75,-108.83,-4.5,-6.0,-103,-115,56.8,220.5,-110,221.0,-102,221.5,-110,222.0,-105,222,-105,221.5,-110,221.42,-107.0,222.0,220.5,-102,-110,109,-1,L,219
2017-04-09,home,L.A. Lakers,Minnesota,1610612747,0021601202,60.0,175,196,190,205,180.0,190,192.2,205.0,180.0,47.5,4.5,-110,6.0,-107,6.0,-110,6.0,-105,6.0,-105,6.0,-110,5.75,-107.83,6.0,4.5,-105,-110,43.2,220.5,-110,221.0,-108,221.5,-110,222.0,-105,222,-115,221.5,-110,221.42,-109.67,222.0,220.5,-105,-115,110,1,W,219
2017-04-10,away,Indiana,Philadelphia,1610612754,0021601203,42.9,-365,-357,-420,-405,-450.0,-370,-400.4,-357.0,-450.0,52.7,-6.5,-110,-8.0,-102,-8.5,-110,-8.0,-105,-8.5,-110,-8.0,-105,-7.92,-107.0,-6.5,-8.5,-102,-110,48.4,210.0,-110,211.5,-105,211.5,-110,211.5,-105,211,-115,211.5,-110,211.17,-109.17,211.5,210.0,-105,-115,120,9,W,231
2017-04-10,home,Philadelphia,Indiana,1610612755,0021601203,57.1,305,311,335,325,325.0,310,321.2,335.0,310.0,47.3,6.5,-110,8.0,-108,8.5,-110,8.0,-105,8.5,-110,8.0,-115,7.92,-109.67,8.5,6.5,-105,-115,51.6,210.0,-110,211.5,-105,211.5,-110,211.5,-105,211,-105,211.5,-110,211.17,-107.5,211.5,210.0,-105,-110,111,-9,L,231
2017-04-10,away,Brooklyn,Boston,1610612751,0021601204,43.5,475,516,500,525,550.0,500,518.2,550.0,500.0,44.9,10.0,-110,10.5,-110,10.5,-110,10.5,-105,11.0,-110,10.5,-115,10.5,-110.0,11.0,10.0,-105,-115,0.0,223.0,-110,222.5,-104,222.5,-110,223.0,-105,222,-110,222.5,-110,222.58,-108.17,223.0,222.0,-104,-110,105,-9,L,219
2017-04-10,home,Boston,Brooklyn,1610612738,0021601204,56.5,-580,-625,-700,-675,-900.0,-650,-710.0,-625.0,-900.0,55.1,-10.0,-110,-10.5,-100,-10.5,-110,-10.5,-105,-11.0,-110,-10.5,-105,-10.5,-106.67,-10.0,-11.0,-100,-110,100.0,223.0,-110,222.5,-106,222.5,-110,223.0,-105,222,-110,222.5,-110,222.58,-108.5,223.0,222.0,-105,-110,114,9,W,219
2017-04-10,away,Cleveland,Miami,1610612739,0021601205,65.7,165,500,465,470,400.0,445,456.0,500.0,400.0,47.6,2.5,-110,10.5,-102,11.0,-110,10.5,-105,10.5,-110,10.5,-110,9.25,-107.83,11.0,2.5,-102,-110,0.0,211.5,-110,204.0,-116,203.5,-110,204.0,-105,204,-115,204.0,-110,205.17,-111.0,211.5,203.5,-105,-116,121,-3,L,245
2017-04-10,home,Miami,Cleveland,1610612748,0021601205,34.3,-190,-603,-630,-620,-600.0,-550,-600.6,-550.0,-630.0,52.4,-2.5,-110,-10.5,-108,-11.0,-110,-10.5,-105,-10.5,-110,-10.5,-110,-9.25,-108.83,-2.5,-11.0,-105,-110,100.0,211.5,-110,204.0,-105,203.5,-110,204.0,-105,204,-105,204.0,-110,205.17,-107.5,211.5,203.5,-105,-110,124,3,W,245
2017-04-10,away,Orlando,Chicago,1610612753,0021601206,0.0,320,311,305,305,300.0,300,304.2,311.0,300.0,0.0,7.5,-110,8.0,-104,8.0,-110,8.0,-105,8.0,-110,8.0,-110,7.92,-108.17,8.0,7.5,-104,-110,0.0,212.0,-110,214.5,-103,214.5,-110,214.5,-105,214,-115,214.5,-110,214.0,-108.83,214.5,212.0,-103,-115,75,-47,L,197
2017-04-10,home,Chicago,Orlando,1610612741,0021601206,100.0,-380,-357,-365,-385,-400.0,-360,-373.4,-357.0,-400.0,100.0,-7.5,-110,-8.0,-106,-8.0,-110,-8.0,-105,-8.0,-110,-8.0,-110,-7.92,-108.5,-7.5,-8.0,-105,-110,100.0,212.0,-110,214.5,-107,214.5,-110,214.5,-105,214,-105,214.5,-110,214.0,-107.83,214.5,212.0,-105,-110,122,47,W,197
2017-04-10,away,Charlotte,Milwaukee,1610612766,0021601207,57.4,205,218,225,225,220.0,220,221.6,225.0,218.0,40.0,4.0,-110,6.5,-113,6.5,-110,6.5,-105,6.5,-110,6.5,-115,6.08,-110.5,6.5,4.0,-105,-115,61.2,201.0,-110,197.5,-113,197.5,-110,198.0,-105,198,-110,197.5,-115,198.25,-110.5,201.0,197.5,-105,-115,79,-10,L,168
2017-04-10,home,Milwaukee,Charlotte,1610612749,0021601207,42.6,-245,-245,-265,-275,-260.0,-260,-261.0,-245.0,-275.0,60.0,-4.0,-110,-6.5,-102,-6.5,-110,-6.5,-105,-6.5,-110,-6.5,-105,-6.08,-107.0,-4.0,-6.5,-102,-110,38.8,201.0,-110,197.5,-102,197.5,-110,198.0,-105,198,-110,197.5,-105,198.25,-107.0,201.0,197.5,-102,-110,89,10,W,168
2017-04-10,away,Washington,Detroit,1610612764,0021601208,0.0,-130,187,185,195,175.0,185,185.4,195.0,175.0,47.6,-3.0,-110,5.5,-108,5.5,-110,5.5,-105,5.0,-105,5.5,-115,4.0,-108.83,5.5,-3.0,-105,-115,53.7,210.0,-110,208.0,-109,208.5,-110,208.5,-105,209,-105,208.5,-110,208.75,-108.17,210.0,208.0,-105,-110,105,4,W,206
2017-04-10,home,Detroit,Washington,1610612765,0021601208,100.0,110,-209,-225,-230,-210.0,-215,-217.8,-209.0,-230.0,52.4,3.0,-110,-5.5,-102,-5.5,-110,-5.5,-105,-5.0,-115,-5.5,-105,-4.0,-107.83,3.0,-5.5,-102,-115,46.3,210.0,-110,208.0,-101,208.5,-110,208.5,-105,209,-115,208.5,-110,208.75,-108.5,210.0,208.0,-101,-115,101,-4,L,206
2017-04-10,away,San Antonio,Portland,1610612759,0021601209,0.0,-180,-547,-650,-630,-600.0,-650,-615.4,-547.0,-650.0,52.6,-4.0,-110,-10.5,-106,-10.5,-110,-10.5,-105,-10.5,-110,-10.5,-115,-9.42,-109.33,-4.0,-10.5,-105,-115,52.4,204.5,-110,193.5,-101,193.5,-110,193.0,-105,193,-115,192.5,-115,195.0,-109.33,204.5,192.5,-101,-115,98,-1,L,197
2017-04-10,home,Portland,San Antonio,1610612757,0021601209,100.0,160,459,475,480,400.0,500,462.8,500.0,400.0,47.4,4.0,-110,10.5,-104,10.5,-110,10.5,-105,10.5,-110,10.5,-105,9.42,-107.33,10.5,4.0,-104,-110,47.6,204.5,-110,193.5,-109,193.5,-110,193.0,-105,193,-105,192.5,-105,195.0,-107.33,204.5,192.5,-105,-110,99,1,W,197
2017-04-10,away,Houston,L.A. Clippers,1610612745,0021601210,45.4,205,346,365,360,325.0,330,345.2,365.0,325.0,0.0,4.0,-110,9.5,-110,9.5,-110,9.0,-105,9.5,-115,9.5,-115,8.5,-110.83,9.5,4.0,-105,-115,0.0,226.5,-110,232.0,-102,232.0,-110,231.0,-105,231,-110,231.5,-115,230.67,-108.67,232.0,226.5,-102,-115,96,-29,L,221
2017-04-10,home,L.A. Clippers,Houston,1610612746,0021601210,54.6,-245,-400,-460,-460,-450.0,-400,-434.0,-400.0,-460.0,100.0,-4.0,-110,-9.5,-100,-9.5,-110,-9.0,-105,-9.5,-105,-9.5,-105,-8.5,-105.83,-4.0,-9.5,-100,-110,100.0,226.5,-110,232.0,-108,232.0,-110,231.0,-105,231,-110,231.5,-105,230.67,-108.0,232.0,226.5,-105,-110,125,29,W,221
2017-04-10,away,Utah,Golden State,1610612762,0021601211,59.5,405,423,440,390,400.0,415,413.6,440.0,390.0,0.0,8.5,-110,10.0,-107,10.0,-110,10.0,-105,11.0,-115,10.0,-110,9.92,-109.5,11.0,8.5,-105,-115,62.1,209.5,-110,205.5,-113,206.0,-110,205.5,-105,207,-105,205.5,-115,206.5,-109.67,209.5,205.5,-105,-115,105,6,W,204
2017-04-10,home,Golden State,Utah,1610612744,0021601211,40.5,-500,-500,-580,-515,-600.0,-510,-541.0,-500.0,-600.0,100.0,-8.5,-110,-10.0,-103,-10.0,-110,-10.0,-105,-11.0,-105,-10.0,-110,-9.92,-107.17,-8.5,-11.0,-103,-110,37.9,209.5,-110,205.5,-102,206.0,-110,205.5,-105,207,-115,205.5,-105,206.5,-107.83,209.5,205.5,-102,-115,99,-6,L,204
2017-04-11,away,Charlotte,Atlanta,1610612766,0021601212,50.0,285,289,275,300,280.0,275,283.8,300.0,275.0,7.7,7.5,-110,8.0,-102,8.0,-110,8.0,-105,8.5,-110,8.0,-105,8.0,-107.0,8.5,7.5,-102,-110,4.0,206.0,-110,203.0,-113,203.0,-110,203.0,-105,204,-105,203.0,-115,203.67,-109.67,206.0,203.0,-105,-115,76,-27,L,179
2017-04-11,home,Atlanta,Charlotte,1610612737,0021601212,50.0,-340,-330,-335,-370,-360.0,-330,-345.0,-330.0,-370.0,92.3,-7.5,-110,-8.0,-108,-8.0,-110,-8.0,-105,-8.5,-110,-8.0,-115,-8.0,-109.67,-7.5,-8.5,-105,-115,96.0,206.0,-110,203.0,-102,203.0,-110,203.0,-105,204,-115,203.0,-105,203.67,-107.83,206.0,203.0,-102,-115,103,27,W,179
2017-04-11,away,Oklahoma City,Minnesota,1610612760,0021601213,58.3,170,256,265,285,260.0,250,263.2,285.0,250.0,50.4,1.0,-110,8.0,-104,8.0,-110,8.0,-105,8.0,-110,8.0,-110,6.83,-108.17,8.0,1.0,-104,-110,51.7,216.5,-110,208.5,-101,208.5,-110,208.0,-105,208,-115,208.5,-110,209.67,-108.5,216.5,208.0,-101,-115,100,2,W,198
2017-04-11,home,Minnesota,Oklahoma City,1610612750,0021601213,41.7,-195,-290,-325,-355,-320.0,-300,-318.0,-290.0,-355.0,49.6,-1.0,-110,-8.0,-106,-8.0,-110,-8.0,-105,-8.0,-110,-8.0,-110,-6.83,-108.5,-1.0,-8.0,-105,-110,48.3,216.5,-110,208.5,-109,208.5,-110,208.0,-105,208,-105,208.5,-110,209.67,-108.17,216.5,208.0,-105,-110,98,-2,L,198
2017-04-11,away,Denver,Dallas,1610612743,0021601214,5.9,100,118,113,110,120.0,120,116.2,120.0,110.0,37.9,0.0,-110,2.5,-113,2.0,-110,2.0,-105,2.5,-110,2.5,-115,1.92,-110.5,2.5,0.0,-105,-115,58.3,215.5,-110,214.0,-105,214.0,-110,214.0,-105,214,-110,214.0,-110,214.25,-108.33,215.5,214.0,-105,-110,109,18,W,200
2017-04-11,home,Dallas,Denver,1610612742,0021601214,94.1,-120,-130,-133,-130,-140.0,-140,-134.6,-130.0,-140.0,62.1,0.0,-110,-2.5,-102,-2.0,-110,-2.0,-105,-2.5,-110,-2.5,-105,-1.92,-107.0,0.0,-2.5,-102,-110,41.7,215.5,-110,214.0,-105,214.0,-110,214.0,-105,214,-110,214.0,-110,214.25,-108.33,215.5,214.0,-105,-110,91,-18,L,200
2017-04-11,away,New Orleans,L.A. Lakers,1610612740,0021601215,51.0,130,127,120,120,120.0,120,121.4,127.0,120.0,46.0,3.0,-110,2.5,-100,2.5,-110,2.5,-105,3.0,-115,2.5,-110,2.67,-108.33,3.0,2.5,-100,-115,0.0,217.0,-110,218.5,-110,218.5,-110,219.0,-105,218,-115,218.5,-110,218.25,-110.0,219.0,217.0,-105,-115,96,-12,L,204
2017-04-11,home,L.A. Lakers,New Orleans,1610612747,0021601215,49.0,-150,-140,-140,-140,-140.0,-140,-140.0,-140.0,-140.0,54.0,-3.0,-110,-2.5,-110,-2.5,-110,-2.5,-105,-3.0,-105,-2.5,-110,-2.67,-108.33,-2.5,-3.0,-105,-110,100.0,217.0,-110,218.5,-100,218.5,-110,219.0,-105,218,-105,218.5,-110,218.25,-106.67,219.0,217.0,-100,-110,108,12,W,204
2017-04-11,away,Phoenix,Sacramento,1610612756,0021601216,55.3,140,197,180,170,170.0,185,180.4,197.0,170.0,47.1,3.5,-110,4.5,-110,4.5,-110,4.5,-105,4.5,-105,4.5,-115,4.33,-109.17,4.5,3.5,-105,-115,48.7,217.5,-110,219.5,-111,219.5,-110,219.5,-105,218,-115,219.5,-110,218.92,-110.17,219.5,217.5,-105,-115,104,-25,L,233
2017-04-11,home,Sacramento,Phoenix,1610612758,0021601216,44.7,-160,-220,-220,-200,-200.0,-215,-211.0,-200.0,-220.0,52.9,-3.5,-110,-4.5,-100,-4.5,-110,-4.5,-105,-4.5,-115,-4.5,-105,-4.33,-107.5,-3.5,-4.5,-100,-115,51.3,217.5,-110,219.5,-101,219.5,-110,219.5,-105,218,-105,219.5,-110,218.92,-106.83,219.5,217.5,-101,-110,129,25,W,233
2017-04-12,away,Detroit,Orlando,1610612765,0021601217,57.1,110,105,105,100,100.0,105,103.0,105.0,100.0,45.2,1.0,-110,1.5,-104,1.5,-110,1.5,-105,2.0,-115,1.5,-110,1.5,-109.0,2.0,1.0,-104,-115,58.5,209.0,-110,206.5,-110,206.5,-110,206.0,-105,206,-115,206.5,-110,206.75,-110.0,209.0,206.0,-105,-115,109,-4,L,222
2017-04-12,home,Orlando,Detroit,1610612753,0021601217,42.9,-130,-116,-125,-120,-120.0,-125,-121.2,-116.0,-125.0,54.8,-1.0,-110,-1.5,-106,-1.5,-110,-1.5,-105,-2.0,-105,-1.5,-110,-1.5,-107.67,-1.0,-2.0,-105,-110,41.5,209.0,-110,206.5,-100,206.5,-110,206.0,-105,206,-105,206.5,-110,206.75,-106.67,209.0,206.0,-100,-110,113,4,W,222
2017-04-12,away,Toronto,Cleveland,1610612761,0021601218,0.0,-160,-164,-165,-170,-165.0,-165,-165.8,-164.0,-170.0,42.9,-4.5,-110,-4.0,-106,-4.0,-110,-4.0,-105,-3.5,-115,-4.0,-110,-4.0,-109.33,-3.5,-4.5,-105,-115,58.8,204.5,-110,202.0,-112,202.0,-110,201.5,-105,202,-110,202.0,-110,202.33,-109.5,204.5,201.5,-105,-112,98,15,W,181
2017-04-12,home,Cleveland,Toronto,1610612739,0021601218,100.0,140,148,145,150,145.0,145,146.6,150.0,145.0,57.1,4.5,-110,4.0,-104,4.0,-110,4.0,-105,3.5,-105,4.0,-110,4.0,-107.33,4.5,3.5,-104,-110,41.2,204.5,-110,202.0,-102,202.0,-110,201.5,-105,202,-110,202.0,-110,202.33,-107.83,204.5,201.5,-102,-110,83,-15,L,181
2017-04-12,away,Milwaukee,Boston,1610612749,0021601219,66.3,1100,944,850,825,800.0,875,858.8,944.0,800.0,50.6,8.5,-110,13.5,-104,14.0,-119,13.5,-105,14.0,-115,13.5,-110,12.83,-110.5,14.0,8.5,-104,-119,64.3,211.5,-110,206.0,-104,206.5,-103,205.5,-105,206,-110,206.0,-110,206.92,-107.0,211.5,205.5,-103,-110,94,-18,L,206
2017-04-12,home,Boston,Milwaukee,1610612738,0021601219,33.7,-1800,-1300,-1300,-1175,-1600.0,-1300,-1335.0,-1175.0,-1600.0,49.4,-8.5,-110,-13.5,-106,-14.0,-101,-13.5,-105,-14.0,-105,-13.5,-110,-12.83,-106.17,-8.5,-14.0,-101,-110,35.7,211.5,-110,206.0,-106,206.5,-117,205.5,-105,206,-110,206.0,-110,206.92,-109.67,211.5,205.5,-105,-117,112,18,W,206
2017-04-12,away,Philadelphia,New York,1610612755,0021601220,33.3,-125,138,125,130,135.0,130,131.6,138.0,125.0,48.4,-3.0,-110,3.0,-103,3.0,-110,3.0,-105,3.0,-105,3.0,-120,2.0,-108.83,3.0,-3.0,-103,-120,51.0,202.5,-110,210.0,-104,210.0,-110,209.5,-105,209,-115,209.5,-110,208.42,-109.0,210.0,202.5,-104,-115,113,-1,L,227
2017-04-12,home,New York,Philadelphia,1610612752,0021601220,66.7,105,-153,-145,-150,-155.0,-150,-150.6,-145.0,-155.0,51.6,3.0,-110,-3.0,-107,-3.0,-110,-3.0,-105,-3.0,-115,-3.0,-100,-2.0,-107.83,3.0,-3.0,-100,-115,49.0,202.5,-110,210.0,-106,210.0,-110,209.5,-105,209,-105,209.5,-110,208.42,-107.67,210.0,202.5,-105,-110,114,1,W,227
2017-04-12,away,Washington,Miami,1610612764,0021601221,100.0,385,450,435,480,400.0,475,448.0,480.0,400.0,0.0,9.5,-110,11.0,-105,11.0,-110,11.0,-105,11.0,-110,11.5,-115,10.83,-109.17,11.5,9.5,-105,-115,0.0,206.0,-110,206.5,-103,206.0,-110,205.5,-105,206,-115,206.0,-110,206.0,-108.83,206.5,205.5,-103,-115,102,-8,L,212
2017-04-12,home,Miami,Washington,1610612748,0021601221,0.0,-460,-535,-570,-630,-600.0,-600,-587.0,-535.0,-630.0,100.0,-9.5,-110,-11.0,-105,-11.0,-110,-11.0,-105,-11.0,-110,-11.5,-105,-10.83,-107.5,-9.5,-11.5,-105,-110,100.0,206.0,-110,206.5,-107,206.0,-110,205.5,-105,206,-105,206.0,-110,206.0,-107.83,206.5,205.5,-105,-110,110,8,W,212
2017-04-12,away,Brooklyn,Chicago,1610612751,0021601222,57.7,925,1126,1000,1075,900.0,1075,1035.2,1126.0,900.0,48.2,8.5,-110,14.5,-103,14.5,-110,14.5,-105,15.0,-110,14.5,-110,13.58,-108.0,15.0,8.5,-103,-110,9.1,213.5,-110,213.0,-108,212.5,-110,212.0,-105,213,-105,212.5,-110,212.75,-108.0,213.5,212.0,-105,-110,73,-39,L,185
2017-04-12,home,Chicago,Brooklyn,1610612741,0021601222,42.3,-1400,-1650,-1500,-1625,-1900.0,-1700,-1675.0,-1500.0,-1900.0,51.8,-8.5,-110,-14.5,-107,-14.5,-110,-14.5,-105,-15.0,-110,-14.5,-110,-13.58,-108.67,-8.5,-15.0,-105,-110,90.9,213.5,-110,213.0,-102,212.5,-110,212.0,-105,213,-115,212.5,-110,212.75,-108.67,213.5,212.0,-102,-115,112,39,W,185
2017-04-12,away,Dallas,Memphis,1610612742,0021601223,58.1,300,321,315,320,310.0,320,317.2,321.0,310.0,38.1,6.0,-110,8.5,-106,8.5,-110,8.5,-105,8.5,-105,8.5,-105,8.08,-106.83,8.5,6.0,-105,-110,43.5,197.0,-110,189.5,-100,189.0,-110,189.0,-105,189,-110,189.0,-110,190.42,-107.5,197.0,189.0,-100,-110,100,7,W,193
2017-04-12,home,Memphis,Dallas,1610612763,0021601223,41.9,-360,-369,-380,-400,-420.0,-380,-389.8,-369.0,-420.0,61.9,-6.0,-110,-8.5,-104,-8.5,-110,-8.5,-105,-8.5,-115,-8.5,-115,-8.08,-109.83,-6.0,-8.5,-104,-115,56.5,197.0,-110,189.5,-110,189.0,-110,189.0,-105,189,-110,189.0,-110,190.42,-109.17,197.0,189.0,-105,-110,93,-7,L,193
2017-04-12,away,Minnesota,Houston,1610612750,0021601224,55.7,320,310,315,325,285.0,280,303.0,325.0,280.0,49.4,9.0,-110,8.0,-102,8.5,-110,8.5,-105,8.5,-110,8.0,-105,8.42,-107.0,9.0,8.0,-102,-110,44.4,229.0,-110,227.0,-115,227.0,-110,227.0,-105,227,-105,227.5,-110,227.42,-109.17,229.0,227.0,-105,-115,118,-5,L,241
2017-04-12,home,Houston,Minnesota,1610612745,0021601224,44.3,-380,-355,-380,-405,-370.0,-335,-369.0,-335.0,-405.0,50.6,-9.0,-110,-8.0,-108,-8.5,-110,-8.5,-105,-8.5,-110,-8.0,-115,-8.42,-109.67,-8.0,-9.0,-105,-115,55.6,229.0,-110,227.0,-104,227.0,-110,227.0,-105,227,-115,227.5,-110,227.42,-109.0,229.0,227.0,-104,-115,123,5,W,241
2017-04-12,away,Denver,Oklahoma City,1610612743,0021601225,66.7,165,203,205,205,190.0,205,201.6,205.0,190.0,0.0,4.0,-110,6.0,-110,6.0,-110,6.0,-105,6.0,-110,6.0,-115,5.67,-110.0,6.0,4.0,-105,-115,0.0,220.0,-110,224.5,-113,224.5,-110,224.5,-105,224,-110,224.5,-110,223.67,-109.67,224.5,220.0,-105,-113,111,6,W,216
2017-04-12,home,Oklahoma City,Denver,1610612760,0021601225,33.3,-190,-227,-245,-245,-230.0,-245,-238.4,-227.0,-245.0,100.0,-4.0,-110,-6.0,-100,-6.0,-110,-6.0,-105,-6.0,-110,-6.0,-105,-5.67,-106.67,-4.0,-6.0,-100,-110,100.0,220.0,-110,224.5,-102,224.5,-110,224.5,-105,224,-110,224.5,-110,223.67,-107.83,224.5,220.0,-102,-110,105,-6,L,216
2017-04-12,away,Atlanta,Indiana,1610612737,0021601226,69.9,725,1193,1000,1105,750.0,1100,1029.6,1193.0,750.0,57.3,6.5,-110,15.0,-110,15.0,-110,15.0,-105,14.5,-105,15.0,-110,13.5,-108.33,15.0,6.5,-105,-110,48.9,207.5,-110,200.0,-111,200.5,-110,200.0,-105,201,-105,200.5,-110,201.58,-108.5,207.5,200.0,-105,-111,86,-18,L,190
2017-04-12,home,Indiana,Atlanta,1610612754,0021601226,30.1,-1000,-1788,-1500,-1655,-1400.0,-1800,-1628.6,-1400.0,-1800.0,42.7,-6.5,-110,-15.0,-100,-15.0,-110,-15.0,-105,-14.5,-115,-15.0,-110,-13.5,-108.33,-6.5,-15.0,-100,-115,51.1,207.5,-110,200.0,-101,200.5,-110,200.0,-105,201,-115,200.5,-110,201.58,-108.5,207.5,200.0,-101,-115,104,18,W,190
2017-04-12,away,San Antonio,Utah,1610612759,0021601227,68.2,155,156,160,150,155.0,149,154.0,160.0,149.0,40.3,4.0,-110,4.0,-105,4.0,-101,4.0,-105,4.0,-105,3.5,-110,3.92,-106.0,4.0,3.5,-101,-110,0.0,189.5,-110,192.0,-108,192.5,-105,192.5,-105,193,-105,192.0,-110,191.92,-107.17,193.0,189.5,-105,-110,97,-4,L,198
2017-04-12,home,Utah,San Antonio,1610612762,0021601227,31.8,-175,-173,-170,-170,-175.0,-169,-171.4,-169.0,-175.0,59.7,-4.0,-110,-4.0,-105,-4.0,-109,-4.0,-105,-4.0,-115,-3.5,-110,-3.92,-109.0,-3.5,-4.0,-105,-115,100.0,189.5,-110,192.0,-102,192.5,-105,192.5,-105,193,-115,192.0,-110,191.92,-107.83,193.0,189.5,-102,-115,101,4,W,198
2017-04-12,away,Sacramento,L.A. Clippers,1610612758,0021601228,69.3,1450,2173,2000,1740,,1550,1865.75,2173.0,1550.0,49.4,15.5,-110,18.5,-107,18.0,-110,18.0,-105,17.0,-105,18.0,-105,17.5,-107.0,18.5,15.5,-105,-110,0.0,212.5,-110,209.5,-107,209.5,-110,209.5,-105,209,-115,209.0,-110,209.83,-109.5,212.5,209.0,-105,-115,95,-20,L,210
2017-04-12,home,L.A. Clippers,Sacramento,1610612746,0021601228,30.7,-2600,-5000,-4000,-2890,,-2700,-3647.5,-2700.0,-5000.0,50.6,-15.5,-110,-18.5,-103,-18.0,-110,-18.0,-105,-17.0,-115,-18.0,-115,-17.5,-109.67,-15.5,-18.5,-103,-115,100.0,212.5,-110,209.5,-103,209.5,-110,209.5,-105,209,-105,209.0,-110,209.83,-107.17,212.5,209.0,-103,-110,115,20,W,210
2017-04-12,away,L.A. Lakers,Golden State,1610612747,0021601229,73.4,825,697,650,775,600.0,725,689.4,775.0,600.0,0.0,17.0,-110,13.5,-101,13.5,-110,13.5,-105,13.5,-110,13.5,-108,14.08,-107.33,17.0,13.5,-101,-110,55.3,222.5,-110,224.0,-102,222.5,-110,223.0,-105,222,-115,223.5,-115,222.92,-109.5,224.0,222.0,-102,-115,94,-15,L,203
2017-04-12,home,Golden State,L.A. Lakers,1610612744,0021601229,26.6,-1200,-889,-1000,-1075,-1000.0,-1000,-992.8,-889.0,-1075.0,100.0,-17.0,-110,-13.5,-109,-13.5,-110,-13.5,-105,-13.5,-110,-13.5,-112,-14.08,-109.33,-13.5,-17.0,-105,-112,44.7,222.5,-110,224.0,-108,222.5,-110,223.0,-105,222,-105,223.5,-105,222.92,-107.17,224.0,222.0,-105,-110,109,15,W,203
2017-04-12,away,New Orleans,Portland,1610612740,0021601230,52.9,500,222,250,230,250.0,225,235.4,250.0,222.0,50.9,12.5,-110,6.5,-109,6.5,-110,6.5,-105,7.0,-115,6.5,-118,7.58,-111.17,12.5,6.5,-105,-118,0.0,211.0,-110,203.0,-104,202.5,-110,202.5,-105,202,-115,202.5,-110,203.92,-109.0,211.0,202.0,-104,-115,103,3,W,203
2017-04-12,home,Portland,New Orleans,1610612757,0021601230,47.1,-650,-250,-300,-280,-300.0,-265,-279.0,-250.0,-300.0,49.1,-12.5,-110,-6.5,-101,-6.5,-110,-6.5,-105,-7.0,-105,-6.5,-102,-7.58,-105.5,-6.5,-12.5,-101,-110,100.0,211.0,-110,203.0,-106,202.5,-110,202.5,-105,202,-105,202.5,-110,203.92,-107.67,211.0,202.0,-105,-110,100,-3,L,203
2017-04-15,away,Indiana,Cleveland,1610612754,0041600111,44.7,355,420,400,410,375.0,415,404.0,420.0,375.0,47.8,8.5,-110,9.0,-102,9.0,-110,9.0,-105,9.0,-110,9.0,-107,8.92,-107.33,9.0,8.5,-102,-110,57.5,213.5,-110,208.5,-104,208.5,-110,209.0,-105,209,-105,208.5,-107,209.5,-106.83,213.5,208.5,-104,-110,108,-1,L,217
2017-04-15,home,Cleveland,Indiana,1610612739,0041600111,55.3,-425,-495,-500,-535,-550.0,-510,-518.0,-495.0,-550.0,52.2,-8.5,-110,-9.0,-108,-9.0,-110,-9.0,-105,-9.0,-110,-9.0,-113,-8.92,-109.33,-8.5,-9.0,-105,-113,42.5,213.5,-110,208.5,-106,208.5,-110,209.0,-105,209,-115,208.5,-113,209.5,-109.83,213.5,208.5,-105,-115,109,1,W,217
2017-04-15,away,Milwaukee,Toronto,1610612749,0041600121,51.3,250,292,290,300,270.0,300,290.4,300.0,270.0,42.2,6.5,-110,7.5,-103,7.5,-110,8.0,-105,7.5,-105,7.5,-108,7.42,-106.83,8.0,6.5,-103,-110,44.8,203.5,-110,197.5,-105,197.5,-110,197.5,-105,198,-110,197.5,-110,198.58,-108.33,203.5,197.5,-105,-110,97,14,W,180
2017-04-15,home,Toronto,Milwaukee,1610612761,0041600121,48.7,-300,-333,-350,-380,-340.0,-360,-352.6,-333.0,-380.0,57.8,-6.5,-110,-7.5,-107,-7.5,-110,-8.0,-105,-7.5,-115,-7.5,-112,-7.42,-109.83,-6.5,-8.0,-105,-115,55.2,203.5,-110,197.5,-105,197.5,-110,197.5,-105,198,-110,197.5,-110,198.58,-108.33,203.5,197.5,-105,-110,83,-14,L,180
2017-04-15,away,Memphis,San Antonio,1610612763,0041600151,46.0,405,416,400,435,390.0,425,413.2,435.0,390.0,36.0,9.0,-110,9.0,-103,9.0,-110,9.5,-105,9.5,-110,9.5,-110,9.25,-108.0,9.5,9.0,-103,-110,51.3,194.0,-110,190.0,-107,190.5,-110,190.5,-105,191,-105,190.5,-110,191.08,-107.83,194.0,190.0,-105,-110,82,-29,L,193
2017-04-15,home,San Antonio,Memphis,1610612759,0041600151,54.0,-500,-490,-500,-560,-580.0,-520,-530.0,-490.0,-580.0,64.0,-9.0,-110,-9.0,-107,-9.0,-110,-9.5,-105,-9.5,-110,-9.5,-110,-9.25,-108.67,-9.0,-9.5,-105,-110,48.7,194.0,-110,190.0,-103,190.5,-110,190.5,-105,191,-115,190.5,-110,191.08,-108.83,194.0,190.0,-103,-115,111,29,W,193
2017-04-15,away,Utah,L.A. Clippers,1610612762,0041600171,45.4,190,210,190,200,215.0,210,205.0,215.0,190.0,46.4,5.5,-110,5.5,-100,5.5,-110,6.0,-105,6.5,-115,5.5,-110,5.75,-108.33,6.5,5.5,-100,-115,51.1,202.5,-110,198.0,-105,198.0,-110,198.0,-105,199,-115,198.5,-110,199.0,-109.17,202.5,198.0,-105,-115,97,2,W,192
2017-04-15,home,L.A. Clippers,Utah,1610612746,0041600171,54.6,-220,-235,-230,-240,-255.0,-250,-242.0,-230.0,-255.0,53.6,-5.5,-110,-5.5,-110,-5.5,-110,-6.0,-105,-6.5,-105,-5.5,-110,-5.75,-108.33,-5.5,-6.5,-105,-110,48.9,202.5,-110,198.0,-105,198.0,-110,198.0,-105,199,-105,198.5,-110,199.0,-107.5,202.5,198.0,-105,-110,95,-2,L,192
2017-04-16,away,Chicago,Boston,1610612741,0041600101,51.1,290,256,245,255,245.0,275,255.2,275.0,245.0,49.7,8.0,-110,6.5,-102,6.5,-110,7.0,-105,7.0,-115,6.5,-108,6.92,-108.33,8.0,6.5,-102,-115,50.3,207.5,-110,207.5,-100,207.0,-110,206.5,-105,207,-110,207.5,-110,207.17,-107.5,207.5,206.5,-100,-110,106,4,W,208
2017-04-16,home,Boston,Chicago,1610612738,0041600101,48.9,-350,-290,-290,-315,-290.0,-330,-303.0,-290.0,-330.0,50.3,-8.0,-110,-6.5,-113,-6.5,-110,-7.0,-105,-7.0,-105,-6.5,-112,-6.92,-109.17,-6.5,-8.0,-105,-113,49.7,207.5,-110,207.5,-110,207.0,-110,206.5,-105,207,-110,207.5,-110,207.17,-109.17,207.5,206.5,-105,-110,102,-4,L,208
2017-04-16,away,Atlanta,Washington,1610612737,0041600131,5.9,180,193,195,215,195.0,185,196.6,215.0,185.0,43.2,5.0,-110,5.5,-104,5.5,-110,6.0,-105,6.0,-115,5.5,-115,5.58,-109.83,6.0,5.0,-104,-115,0.0,210.0,-110,209.5,-108,209.5,-110,209.0,-105,209,-110,209.5,-110,209.42,-108.83,210.0,209.0,-105,-110,107,-7,L,221
2017-04-16,home,Washington,Atlanta,1610612764,0041600131,94.1,-210,-215,-235,-265,-235.0,-215,-233.0,-215.0,-265.0,56.8,-5.0,-110,-5.5,-106,-5.5,-110,-6.0,-105,-6.0,-105,-5.5,-105,-5.58,-106.83,-5.0,-6.0,-105,-110,100.0,210.0,-110,209.5,-102,209.5,-110,209.0,-105,209,-110,209.5,-110,209.42,-107.83,210.0,209.0,-102,-110,114,7,W,221
2017-04-16,away,Portland,Golden State,1610612757,0041600141,64.6,1175,1491,1500,1300,975.0,1350,1323.2,1500.0,975.0,45.0,12.0,-110,15.0,-102,15.5,-105,15.5,-105,15.0,-110,15.0,-105,14.67,-106.17,15.5,12.0,-102,-110,49.3,220.0,-110,219.5,-100,219.5,-102,220.0,-105,221,-105,219.5,-110,219.92,-105.33,221.0,219.5,-100,-110,109,-12,L,230
2017-04-16,home,Golden State,Portland,1610612744,0041600141,35.4,-2000,-2500,-2000,-2000,-2100.0,-2500,-2220.0,-2000.0,-2500.0,55.0,-12.0,-110,-15.0,-113,-15.5,-105,-15.5,-105,-15.0,-110,-15.0,-115,-14.67,-109.67,-12.0,-15.5,-105,-115,50.7,220.0,-110,219.5,-110,219.5,-108,220.0,-105,221,-115,219.5,-110,219.92,-109.67,221.0,219.5,-105,-115,121,12,W,230
2017-04-16,away,Oklahoma City,Houston,1610612760,0041600161,9.1,280,277,270,275,255.0,265,268.4,277.0,255.0,35.8,6.5,-110,7.5,-109,7.5,-110,7.5,-105,7.0,-115,7.5,-114,7.25,-110.5,7.5,6.5,-105,-115,55.8,227.5,-110,228.5,-103,228.0,-110,228.0,-105,228,-110,228.0,-110,228.0,-108.0,228.5,227.5,-103,-110,87,-31,L,205
2017-04-16,home,Houston,Oklahoma City,1610612745,0041600161,90.9,-335,-315,-330,-345,-310.0,-315,-323.0,-310.0,-345.0,64.2,-6.5,-110,-7.5,-101,-7.5,-110,-7.5,-105,-7.0,-105,-7.5,-106,-7.25,-106.17,-6.5,-7.5,-101,-110,44.2,227.5,-110,228.5,-107,228.0,-110,228.0,-105,228,-110,228.0,-110,228.0,-108.67,228.5,227.5,-105,-110,118,31,W,205
2017-04-17,away,Indiana,Cleveland,1610612754,0041600112,41.1,295,390,375,370,350.0,385,374.0,390.0,350.0,44.8,7.5,-110,9.0,-103,9.0,-110,9.0,-105,9.0,-110,9.0,-110,8.75,-108.0,9.0,7.5,-103,-110,58.5,212.0,-110,209.0,-103,209.0,-110,209.5,-105,211,-105,209.5,-112,210.0,-107.5,212.0,209.0,-103,-112,111,-6,L,228
2017-04-17,home,Cleveland,Indiana,1610612739,0041600112,58.9,-355,-457,-470,-470,-500.0,-460,-471.4,-457.0,-500.0,55.2,-7.5,-110,-9.0,-107,-9.0,-110,-9.0,-105,-9.0,-110,-9.0,-110,-8.75,-108.67,-7.5,-9.0,-105,-110,41.5,212.0,-110,209.0,-107,209.0,-110,209.5,-105,211,-115,209.5,-108,210.0,-109.17,212.0,209.0,-105,-115,117,6,W,228
2017-04-17,away,Memphis,San Antonio,1610612763,0041600152,56.7,500,498,475,475,450.0,505,480.6,505.0,450.0,49.8,10.5,-110,10.5,-114,10.5,-110,10.5,-105,11.0,-110,10.5,-115,10.58,-110.67,11.0,10.5,-105,-115,50.9,190.0,-105,188.0,-110,189.0,-110,189.0,-105,189,-115,189.0,-110,189.0,-109.17,190.0,188.0,-105,-115,82,-14,L,178
2017-04-17,home,San Antonio,Memphis,1610612759,0041600152,43.3,-650,-600,-650,-675,-700.0,-655,-656.0,-600.0,-700.0,50.2,-10.5,-110,-10.5,-103,-10.5,-110,-10.5,-105,-11.0,-110,-10.5,-105,-10.58,-107.17,-10.5,-11.0,-103,-110,49.1,190.0,-115,188.0,-100,189.0,-110,189.0,-105,189,-105,189.0,-110,189.0,-107.5,190.0,188.0,-100,-115,96,14,W,178
2017-04-18,away,Chicago,Boston,1610612741,0041600102,47.7,215,281,270,285,275.0,275,277.2,285.0,270.0,50.8,7.0,-115,7.5,-113,7.5,-110,7.5,-105,7.5,-110,7.5,-115,7.42,-111.33,7.5,7.0,-105,-115,0.0,206.5,-110,206.5,-106,206.5,-110,206.0,-105,207,-110,206.5,-107,206.5,-108.0,207.0,206.0,-105,-110,111,14,W,208
2017-04-18,home,Boston,Chicago,1610612738,0041600102,52.3,-255,-320,-330,-355,-350.0,-330,-337.0,-320.0,-355.0,49.2,-7.0,-105,-7.5,-102,-7.5,-110,-7.5,-105,-7.5,-110,-7.5,-105,-7.42,-106.17,-7.0,-7.5,-102,-110,100.0,206.5,-110,206.5,-104,206.5,-110,206.0,-105,207,-110,206.5,-113,206.5,-108.67,207.0,206.0,-104,-113,97,-14,L,208
2017-04-18,away,Milwaukee,Toronto,1610612749,0041600122,50.0,290,311,318,320,280.0,340,313.8,340.0,280.0,12.5,7.5,-110,8.0,-108,8.0,-110,8.0,-105,7.5,-105,8.0,-110,7.83,-108.0,8.0,7.5,-105,-110,0.0,193.0,-110,194.5,-105,195.0,-110,195.0,-105,195,-110,194.5,-110,194.5,-108.33,195.0,193.0,-105,-110,100,-6,L,206
2017-04-18,home,Toronto,Milwaukee,1610612761,0041600122,50.0,-350,-357,-385,-400,-360.0,-410,-382.4,-357.0,-410.0,87.5,-7.5,-110,-8.0,-102,-8.0,-110,-8.0,-105,-7.5,-115,-8.0,-110,-7.83,-108.67,-7.5,-8.0,-102,-115,100.0,193.0,-110,194.5,-105,195.0,-110,195.0,-105,195,-110,194.5,-110,194.5,-108.33,195.0,193.0,-105,-110,106,6,W,206
2017-04-18,away,Utah,L.A. Clippers,1610612762,0041600172,48.8,295,408,385,395,350.0,465,400.6,465.0,350.0,46.1,7.0,-105,9.0,-109,9.0,-110,9.0,-105,9.0,-115,9.0,-107,8.67,-108.5,9.0,7.0,-105,-115,0.0,196.5,-110,199.5,-105,200.0,-110,200.5,-105,201,-110,200.0,-110,199.58,-108.33,201.0,196.5,-105,-110,91,-8,L,190
2017-04-18,home,L.A. Clippers,Utah,1610612746,0041600172,51.2,-355,-480,-485,-520,-500.0,-570,-511.0,-480.0,-570.0,53.9,-7.0,-115,-9.0,-101,-9.0,-110,-9.0,-105,-9.0,-105,-9.0,-113,-8.67,-108.17,-7.0,-9.0,-101,-115,100.0,196.5,-110,199.5,-105,200.0,-110,200.5,-105,201,-110,200.0,-110,199.58,-108.33,201.0,196.5,-105,-110,99,8,W,190
2017-04-19,away,Atlanta,Washington,1610612737,0041600132,43.4,185,211,210,210,210.0,210,210.2,211.0,210.0,45.8,6.0,-115,5.5,-105,6.0,-110,6.0,-105,6.0,-105,6.0,-110,5.92,-108.33,6.0,5.5,-105,-115,56.3,212.0,-110,211.0,-103,211.0,-110,211.5,-105,213,-105,211.0,-110,211.58,-107.17,213.0,211.0,-103,-110,101,-8,L,210
2017-04-19,home,Washington,Atlanta,1610612764,0041600132,56.6,-215,-237,-250,-260,-250.0,-250,-249.4,-237.0,-260.0,54.2,-6.0,-105,-5.5,-116,-6.0,-110,-6.0,-105,-6.0,-115,-6.0,-110,-5.92,-110.17,-5.5,-6.0,-105,-116,43.7,212.0,-110,211.0,-107,211.0,-110,211.5,-105,213,-115,211.0,-110,211.58,-109.5,213.0,211.0,-105,-115,109,8,W,210
2017-04-19,away,Portland,Golden State,1610612757,0041600142,68.7,975,587,600,575,550.0,575,577.4,600.0,550.0,49.8,15.0,-110,11.5,-100,12.0,-110,12.0,-105,11.5,-105,11.5,-110,12.25,-106.67,15.0,11.5,-100,-110,57.1,221.5,-110,219.0,-107,219.0,-110,219.0,-105,220,-105,219.0,-110,219.58,-107.83,221.5,219.0,-105,-110,81,-29,L,191
2017-04-19,home,Golden State,Portland,1610612744,0041600142,31.3,-1500,-725,-900,-750,-900.0,-750,-805.0,-725.0,-900.0,50.2,-15.0,-110,-11.5,-110,-12.0,-110,-12.0,-105,-11.5,-115,-11.5,-110,-12.25,-110.0,-11.5,-15.0,-105,-115,42.9,221.5,-110,219.0,-103,219.0,-110,219.0,-105,220,-115,219.0,-110,219.58,-108.83,221.5,219.0,-103,-115,110,29,W,191
2017-04-19,away,Oklahoma City,Houston,1610612760,0041600162,38.7,290,292,275,265,265.0,295,278.4,295.0,265.0,0.0,7.5,-110,7.5,-106,7.5,-110,7.5,-105,8.0,-115,7.5,-113,7.58,-109.83,8.0,7.5,-105,-115,0.0,224.0,-110,225.5,-100,225.0,-110,225.5,-105,225,-110,225.0,-110,225.0,-107.5,225.5,224.0,-100,-110,111,-4,L,226
2017-04-19,home,Houston,Oklahoma City,1610612745,0041600162,61.3,-350,-333,-335,-325,-330.0,-355,-335.6,-325.0,-355.0,100.0,-7.5,-110,-7.5,-104,-7.5,-110,-7.5,-105,-8.0,-105,-7.5,-107,-7.58,-106.83,-7.5,-8.0,-104,-110,100.0,224.0,-110,225.5,-110,225.0,-110,225.5,-105,225,-110,225.0,-110,225.0,-109.17,225.5,224.0,-105,-110,115,4,W,226
2017-04-20,away,Cleveland,Indiana,1610612739,0041600113,53.0,-150,-114,-123,-115,-130.0,-112,-118.8,-112.0,-130.0,0.0,-3.5,-110,-1.5,-103,-1.5,-110,-1.0,-105,-2.0,-110,-1.5,-110,-1.83,-108.0,-1.0,-3.5,-103,-110,60.4,211.5,-110,209.5,-103,210.0,-110,211.0,-105,211,-110,210.0,-110,210.5,-108.0,211.5,209.5,-103,-110,119,5,W,233
2017-04-20,home,Indiana,Cleveland,1610612754,0041600113,47.0,130,103,103,-105,110.0,-108,20.6,110.0,-108.0,100.0,3.5,-110,1.5,-107,1.5,-110,1.0,-105,2.0,-110,1.5,-110,1.83,-108.67,3.5,1.0,-105,-110,39.6,211.5,-110,209.5,-107,210.0,-110,211.0,-105,211,-110,210.0,-110,210.5,-108.67,211.5,209.5,-105,-110,114,-5,L,233
2017-04-20,away,Toronto,Milwaukee,1610612761,0041600123,0.0,100,114,110,115,110.0,115,112.8,115.0,110.0,5.3,1.0,-110,2.0,-105,2.0,-110,2.5,-105,2.0,-110,2.0,-107,1.92,-107.83,2.5,1.0,-105,-110,53.9,196.5,-110,197.0,-103,197.0,-110,197.0,-105,197,-115,197.0,-110,196.92,-108.83,197.0,196.5,-103,-115,77,-27,L,181
2017-04-20,home,Milwaukee,Toronto,1610612749,0041600123,100.0,-120,-126,-130,-135,-130.0,-135,-131.2,-126.0,-135.0,94.7,-1.0,-110,-2.0,-105,-2.0,-110,-2.5,-105,-2.0,-110,-2.0,-113,-1.92,-108.83,-1.0,-2.5,-105,-113,46.1,196.5,-110,197.0,-107,197.0,-110,197.0,-105,197,-105,197.0,-110,196.92,-107.83,197.0,196.5,-105,-110,104,27,W,181
2017-04-20,away,San Antonio,Memphis,1610612759,0041600153,56.6,-160,-164,-160,-160,-175.0,-175,-166.8,-160.0,-175.0,11.1,-4.0,-110,-3.5,-103,-3.5,-110,-3.5,-105,-4.5,-110,-3.5,-115,-3.75,-108.83,-3.5,-4.5,-103,-115,0.0,185.5,-110,188.0,-109,188.0,-110,188.0,-105,188,-115,188.0,-115,187.58,-110.67,188.0,185.5,-105,-115,94,-11,L,199
2017-04-20,home,Memphis,San Antonio,1610612763,0041600153,43.4,140,148,140,140,155.0,155,147.6,155.0,140.0,88.9,4.0,-110,3.5,-107,3.5,-110,3.5,-105,4.5,-110,3.5,-105,3.75,-107.83,4.5,3.5,-105,-110,100.0,185.5,-110,188.0,-101,188.0,-110,188.0,-105,188,-105,188.0,-105,187.58,-106.0,188.0,185.5,-101,-110,105,11,W,199
2017-04-21,away,Boston,Chicago,1610612738,0041600103,59.3,105,-133,-140,-145,-150.0,-144,-142.4,-133.0,-150.0,0.0,1.5,-110,-2.5,-100,-2.5,-110,-2.5,-105,-3.0,-115,-2.5,-110,-1.92,-108.33,1.5,-3.0,-100,-115,54.5,207.0,-110,205.5,-105,206.0,-110,205.5,-105,206,-110,205.5,-110,205.92,-108.33,207.0,205.5,-105,-110,104,17,W,191
2017-04-21,home,Chicago,Boston,1610612741,0041600103,40.7,-125,120,120,125,130.0,124,123.8,130.0,120.0,100.0,-1.5,-110,2.5,-110,2.5,-110,2.5,-105,3.0,-105,2.5,-110,1.92,-108.33,3.0,-1.5,-105,-110,45.5,207.0,-110,205.5,-105,206.0,-110,205.5,-105,206,-110,205.5,-110,205.92,-108.33,207.0,205.5,-105,-110,87,-17,L,191
2017-04-21,away,Houston,Oklahoma City,1610612745,0041600163,51.1,130,126,120,125,110.0,135,123.2,135.0,110.0,45.2,2.5,-110,2.5,-107,2.5,-110,3.0,-105,2.5,-105,2.5,-102,2.58,-106.5,3.0,2.5,-102,-110,50.6,224.5,-110,224.0,-100,224.0,-110,224.0,-105,225,-105,224.0,-105,224.25,-105.83,225.0,224.0,-100,-110,113,-2,L,228
2017-04-21,home,Oklahoma City,Houston,1610612760,0041600163,48.9,-150,-139,-140,-145,-130.0,-155,-141.8,-130.0,-155.0,54.8,-2.5,-110,-2.5,-103,-2.5,-110,-3.0,-105,-2.5,-115,-2.5,-118,-2.58,-110.17,-2.5,-3.0,-103,-118,49.4,224.5,-110,224.0,-110,224.0,-110,224.0,-105,225,-115,224.0,-115,224.25,-110.83,225.0,224.0,-105,-115,115,2,W,228
2017-04-21,away,L.A. Clippers,Utah,1610612746,0041600173,36.8,-120,-125,-125,-125,-130.0,-138,-128.6,-125.0,-138.0,46.7,1.0,-110,-2.0,-102,-1.5,-110,-1.5,-105,-1.5,-115,-2.0,-111,-1.25,-108.83,1.0,-2.0,-102,-115,0.0,197.0,-110,197.5,-110,197.5,-110,197.0,-105,197,-115,197.5,-110,197.25,-110.0,197.5,197.0,-105,-115,111,5,W,217
2017-04-21,home,Utah,L.A. Clippers,1610612762,0041600173,63.2,100,113,105,105,110.0,118,110.2,118.0,105.0,53.3,-1.0,-110,2.0,-108,1.5,-110,1.5,-105,1.5,-105,2.0,-109,1.25,-107.83,2.0,-1.0,-105,-110,100.0,197.0,-110,197.5,-100,197.5,-110,197.0,-105,197,-105,197.5,-110,197.25,-106.67,197.5,197.0,-100,-110,106,-5,L,217
2017-04-22,away,Toronto,Milwaukee,1610612761,0041600124,0.0,105,119,115,115,115.0,110,114.8,119.0,110.0,14.3,2.0,-110,2.5,-109,2.5,-110,2.5,-105,2.5,-105,2.5,-110,2.42,-108.17,2.5,2.0,-105,-110,57.0,194.5,-110,193.5,-107,194.0,-110,194.5,-105,195,-110,194.5,-110,194.33,-108.67,195.0,193.5,-105,-110,87,11,W,163
2017-04-22,home,Milwaukee,Toronto,1610612749,0041600124,100.0,-125,-131,-135,-135,-135.0,-130,-133.2,-130.0,-135.0,85.7,-2.0,-110,-2.5,-101,-2.5,-110,-2.5,-105,-2.5,-115,-2.5,-110,-2.42,-108.5,-2.0,-2.5,-101,-115,43.0,194.5,-110,193.5,-103,194.0,-110,194.5,-105,195,-110,194.5,-110,194.33,-108.0,195.0,193.5,-103,-110,76,-11,L,163
2017-04-22,away,Washington,Atlanta,1610612764,0041600133,51.7,135,125,125,120,115.0,130,123.0,130.0,115.0,45.9,2.5,-110,2.5,-105,2.5,-110,2.5,-105,2.5,-110,2.5,-110,2.5,-108.33,2.5,2.5,-105,-110,59.4,210.0,-110,210.5,-103,211.0,-110,211.5,-105,211,-115,211.0,-110,210.83,-108.83,211.5,210.0,-103,-115,98,-18,L,214
2017-04-22,home,Atlanta,Washington,1610612737,0041600133,48.3,-155,-138,-145,-140,-135.0,-150,-141.6,-135.0,-150.0,54.1,-2.5,-110,-2.5,-105,-2.5,-110,-2.5,-105,-2.5,-110,-2.5,-110,-2.5,-108.33,-2.5,-2.5,-105,-110,40.6,210.0,-110,210.5,-107,211.0,-110,211.5,-105,211,-105,211.0,-110,210.83,-107.83,211.5,210.0,-105,-110,116,18,W,214
2017-04-22,away,Golden State,Portland,1610612744,0041600143,49.1,-250,-180,-190,-180,-210.0,-205,-193.0,-180.0,-210.0,53.6,-6.0,-112,-4.5,-103,-4.5,-110,-4.5,-105,-5.5,-115,-5.0,-110,-5.0,-109.17,-4.5,-6.0,-103,-115,50.0,217.0,-110,217.5,-102,217.5,-110,218.0,-105,219,-105,217.5,-120,217.75,-108.67,219.0,217.0,-102,-120,119,6,W,232
2017-04-22,home,Portland,Golden State,1610612757,0041600143,50.9,210,162,165,155,175.0,175,166.4,175.0,155.0,46.4,6.0,-108,4.5,-107,4.5,-110,4.5,-105,5.5,-105,5.0,-110,5.0,-107.5,6.0,4.5,-105,-110,50.0,217.0,-110,217.5,-108,217.5,-110,218.0,-105,219,-115,217.5,-100,217.75,-108.0,219.0,217.0,-100,-115,113,-6,L,232
2017-04-22,away,San Antonio,Memphis,1610612759,0041600154,50.0,-170,-218,-210,-230,-235.0,-250,-228.6,-210.0,-250.0,58.0,-4.0,-110,-5.0,-109,-5.0,-110,-5.5,-105,-6.0,-105,-5.0,-115,-5.08,-109.0,-4.0,-6.0,-105,-115,0.0,190.0,-110,187.5,-103,187.5,-110,187.5,-105,188,-105,187.5,-110,188.0,-107.17,190.0,187.5,-103,-110,108,-2,L,218
2017-04-22,home,Memphis,San Antonio,1610612763,0041600154,50.0,150,195,175,195,195.0,210,194.0,210.0,175.0,42.0,4.0,-110,5.0,-101,5.0,-110,5.5,-105,6.0,-115,5.0,-105,5.08,-107.67,6.0,4.0,-101,-115,100.0,190.0,-110,187.5,-114,187.5,-110,187.5,-105,188,-115,187.5,-110,188.0,-110.67,190.0,187.5,-105,-115,110,2,W,218
2017-04-23,away,Boston,Chicago,1610612738,0041600104,58.6,-145,-118,-122,-130,-140.0,-130,-128.0,-118.0,-140.0,60.1,-2.5,-110,-1.5,-107,-1.5,-110,-1.5,-105,-2.5,-115,-1.5,-110,-1.83,-109.5,-1.5,-2.5,-105,-115,49.3,204.0,-110,203.5,-108,203.5,-110,203.5,-105,204,-115,203.5,-110,203.67,-109.67,204.0,203.5,-105,-115,104,9,W,199
2017-04-23,home,Chicago,Boston,1610612741,0041600104,41.4,125,107,102,110,120.0,110,109.8,120.0,102.0,39.9,2.5,-110,1.5,-103,1.5,-110,1.5,-105,2.5,-105,1.5,-110,1.83,-107.17,2.5,1.5,-103,-110,50.7,204.0,-110,203.5,-102,203.5,-110,203.5,-105,204,-105,203.5,-110,203.67,-107.0,204.0,203.5,-102,-110,95,-9,L,199
2017-04-23,away,Cleveland,Indiana,1610612739,0041600114,45.2,-150,-170,-165,-175,-180.0,-172,-172.4,-165.0,-180.0,58.3,-3.5,-110,-3.5,-113,-3.5,-110,-4.0,-105,-4.5,-105,-4.0,-110,-3.83,-108.83,-3.5,-4.5,-105,-113,62.7,211.0,-110,213.5,-100,213.5,-110,214.5,-105,215,-105,214.0,-110,213.58,-106.67,215.0,211.0,-100,-110,106,4,W,208
2017-04-23,home,Indiana,Cleveland,1610612754,0041600114,54.8,130,153,145,155,160.0,152,153.0,160.0,145.0,41.7,3.5,-110,3.5,-102,3.5,-110,4.0,-105,4.5,-115,4.0,-110,3.83,-108.67,4.5,3.5,-102,-115,37.3,211.0,-110,213.5,-110,213.5,-110,214.5,-105,215,-115,214.0,-110,213.58,-110.0,215.0,211.0,-105,-115,102,-4,L,208
2017-04-23,away,Houston,Oklahoma City,1610612745,0041600164,51.1,100,102,-103,-105,-105.0,-102,-62.6,102.0,-105.0,56.4,1.0,-110,1.0,-102,1.0,-110,1.0,-105,1.0,-115,1.0,-107,1.0,-108.17,1.0,1.0,-102,-115,56.6,225.0,-110,223.0,-101,223.0,-110,223.5,-105,224,-110,223.5,-110,223.67,-107.67,225.0,223.0,-101,-110,113,4,W,222
2017-04-23,home,Oklahoma City,Houston,1610612760,0041600164,48.9,-120,-113,-117,-115,-115.0,-118,-115.6,-113.0,-118.0,43.6,-1.0,-110,-1.0,-108,-1.0,-110,-1.0,-105,-1.0,-105,-1.0,-113,-1.0,-108.5,-1.0,-1.0,-105,-113,43.4,225.0,-110,223.0,-109,223.0,-110,223.5,-105,224,-110,223.5,-110,223.67,-109.0,225.0,223.0,-105,-110,109,-4,L,222
2017-04-23,away,L.A. Clippers,Utah,1610612746,0041600174,4.5,115,173,170,185,170.0,175,174.6,185.0,170.0,33.3,2.5,-110,5.0,-106,5.0,-110,5.0,-105,4.5,-105,5.0,-110,4.5,-107.67,5.0,2.5,-105,-110,47.0,198.0,-110,196.0,-105,196.0,-110,196.0,-105,196,-115,196.0,-110,196.33,-109.17,198.0,196.0,-105,-115,98,-7,L,203
2017-04-23,home,Utah,L.A. Clippers,1610612762,0041600174,95.5,-135,-193,-200,-215,-200.0,-205,-202.6,-193.0,-215.0,66.7,-2.5,-110,-5.0,-104,-5.0,-110,-5.0,-105,-4.5,-115,-5.0,-110,-4.5,-109.0,-2.5,-5.0,-104,-115,53.0,198.0,-110,196.0,-105,196.0,-110,196.0,-105,196,-105,196.0,-110,196.33,-107.5,198.0,196.0,-105,-110,105,7,W,203
2017-04-24,away,Milwaukee,Toronto,1610612749,0041600125,46.6,205,215,200,210,190.0,205,204.0,215.0,190.0,58.5,6.5,-110,6.0,-110,6.0,-110,6.0,-105,5.5,-110,6.0,-108,6.0,-108.83,6.5,5.5,-105,-110,53.0,192.5,-110,193.0,-107,193.0,-110,193.5,-105,193,-115,193.5,-110,193.08,-109.5,193.5,192.5,-105,-115,93,-25,L,211
2017-04-24,home,Toronto,Milwaukee,1610612761,0041600125,53.4,-245,-241,-240,-260,-230.0,-245,-243.2,-230.0,-260.0,41.5,-6.5,-110,-6.0,-100,-6.0,-110,-6.0,-105,-5.5,-110,-6.0,-112,-6.0,-107.83,-5.5,-6.5,-100,-112,47.0,192.5,-110,193.0,-103,193.0,-110,193.5,-105,193,-105,193.5,-110,193.08,-107.17,193.5,192.5,-103,-110,118,25,W,211
2017-04-24,away,Washington,Atlanta,1610612764,0041600134,52.7,125,127,125,115,115.0,123,121.0,127.0,115.0,54.5,3.0,-110,3.0,-115,2.5,-110,2.5,-105,2.5,-110,2.5,-105,2.67,-109.17,3.0,2.5,-105,-115,54.1,211.5,-110,212.0,-108,212.0,-110,213.0,-105,213,-110,213.0,-110,212.42,-108.83,213.0,211.5,-105,-110,101,-10,L,212
2017-04-24,home,Atlanta,Washington,1610612737,0041600134,47.3,-145,-140,-145,-135,-135.0,-143,-139.6,-135.0,-145.0,45.5,-3.0,-110,-3.0,-104,-2.5,-110,-2.5,-105,-2.5,-110,-2.5,-115,-2.67,-109.0,-2.5,-3.0,-104,-115,45.9,211.5,-110,212.0,-102,212.0,-110,213.0,-105,213,-110,213.0,-110,212.42,-107.83,213.0,211.5,-102,-110,111,10,W,212
2017-04-24,away,Golden State,Portland,1610612744,0041600144,49.5,-255,-450,-440,-430,-450.0,-440,-442.0,-430.0,-450.0,53.1,-6.5,-105,-9.0,-106,-9.0,-110,-9.0,-105,-9.0,-115,-9.0,-110,-8.58,-108.5,-6.5,-9.0,-105,-115,53.7,219.0,-110,222.0,-103,222.0,-110,223.0,-105,223,-110,222.5,-110,221.92,-108.0,223.0,219.0,-103,-110,128,25,W,231
2017-04-24,home,Portland,Golden State,1610612757,0041600144,50.5,215,385,350,340,325.0,370,354.0,385.0,325.0,46.9,6.5,-115,9.0,-104,9.0,-110,9.0,-105,9.0,-105,9.0,-110,8.58,-108.17,9.0,6.5,-104,-115,46.3,219.0,-110,222.0,-107,222.0,-110,223.0,-105,223,-110,222.5,-110,221.92,-108.67,223.0,219.0,-105,-110,103,-25,L,231
2017-04-25,away,Memphis,San Antonio,1610612763,0041600155,42.6,430,587,525,550,450.0,575,537.4,587.0,450.0,47.7,10.5,-115,10.0,-100,10.5,-110,10.5,-105,10.0,-105,10.5,-114,10.33,-108.17,10.5,10.0,-100,-115,64.7,188.0,-110,188.5,-102,188.5,-110,188.5,-105,189,-110,188.5,-110,188.5,-107.83,189.0,188.0,-102,-110,103,-13,L,219
2017-04-25,home,San Antonio,Memphis,1610612759,0041600155,57.4,-525,-725,-750,-725,-700.0,-750,-730.0,-700.0,-750.0,52.3,-10.5,-105,-10.0,-110,-10.5,-110,-10.5,-105,-10.0,-115,-10.5,-106,-10.33,-108.5,-10.0,-10.5,-105,-115,35.3,188.0,-110,188.5,-108,188.5,-110,188.5,-105,189,-110,188.5,-110,188.5,-108.83,189.0,188.0,-105,-110,116,13,W,219
2017-04-25,away,Oklahoma City,Houston,1610612760,0041600165,0.0,305,305,290,300,275.0,300,294.0,305.0,275.0,48.2,8.0,-110,7.5,-107,7.5,-110,7.5,-105,7.5,-115,7.5,-110,7.58,-109.5,8.0,7.5,-105,-115,59.9,223.5,-110,223.5,-104,223.5,-110,224.0,-105,224,-115,224.0,-110,223.75,-109.0,224.0,223.5,-104,-115,99,-6,L,204
2017-04-25,home,Houston,Oklahoma City,1610612745,0041600165,100.0,-365,-350,-350,-370,-350.0,-360,-356.0,-350.0,-370.0,51.8,-8.0,-110,-7.5,-103,-7.5,-110,-7.5,-105,-7.5,-105,-7.5,-110,-7.58,-107.17,-7.5,-8.0,-103,-110,40.1,223.5,-110,223.5,-106,223.5,-110,224.0,-105,224,-105,224.0,-110,223.75,-107.67,224.0,223.5,-105,-110,105,6,W,204
2017-04-25,away,Utah,L.A. Clippers,1610612762,0041600175,44.4,130,137,140,140,135.0,145,139.4,145.0,135.0,0.0,3.0,-110,3.0,-101,3.0,-110,3.0,-105,3.0,-105,3.0,-110,3.0,-106.83,3.0,3.0,-101,-110,0.0,196.5,-110,195.0,-106,195.5,-110,195.5,-105,196,-105,195.5,-110,195.67,-107.67,196.5,195.0,-105,-110,96,4,W,188
2017-04-25,home,L.A. Clippers,Utah,1610612746,0041600175,55.6,-150,-152,-160,-160,-155.0,-165,-158.4,-152.0,-165.0,100.0,-3.0,-110,-3.0,-109,-3.0,-110,-3.0,-105,-3.0,-115,-3.0,-110,-3.0,-109.83,-3.0,-3.0,-105,-115,100.0,196.5,-110,195.0,-104,195.5,-110,195.5,-105,196,-115,195.5,-110,195.67,-109.0,196.5,195.0,-104,-115,92,-4,L,188
2017-04-26,away,Chicago,Boston,1610612741,0041600105,0.0,280,321,310,305,290.0,325,310.2,325.0,290.0,39.5,7.5,-105,7.5,-104,7.5,-110,8.0,-105,8.0,-115,7.5,-110,7.67,-108.17,8.0,7.5,-104,-115,0.0,202.0,-110,205.5,-102,205.5,-110,205.5,-105,205,-115,205.5,-110,204.83,-108.67,205.5,202.0,-102,-115,97,-11,L,205
2017-04-26,home,Boston,Chicago,1610612738,0041600105,100.0,-335,-369,-370,-385,-380.0,-385,-377.8,-369.0,-385.0,60.5,-7.5,-115,-7.5,-106,-7.5,-110,-8.0,-105,-8.0,-105,-7.5,-110,-7.67,-108.5,-7.5,-8.0,-105,-115,100.0,202.0,-110,205.5,-108,205.5,-110,205.5,-105,205,-105,205.5,-110,204.83,-108.0,205.5,202.0,-105,-110,108,11,W,205
2017-04-26,away,Atlanta,Washington,1610612737,0041600135,0.0,195,231,220,235,235.0,230,230.2,235.0,220.0,39.2,5.5,-110,6.0,-101,6.0,-110,6.5,-105,6.0,-100,6.5,-110,6.08,-106.0,6.5,5.5,-100,-110,54.8,212.0,-110,210.5,-108,211.5,-110,211.5,-105,212,-110,211.0,-110,211.42,-108.83,212.0,210.5,-105,-110,99,-4,L,202
2017-04-26,home,Washington,Atlanta,1610612764,0041600135,100.0,-225,-260,-260,-285,-275.0,-275,-271.0,-260.0,-285.0,60.8,-5.5,-110,-6.0,-109,-6.0,-110,-6.5,-105,-6.0,-120,-6.5,-110,-6.08,-110.67,-5.5,-6.5,-105,-120,45.2,212.0,-110,210.5,-102,211.5,-110,211.5,-105,212,-110,211.0,-110,211.42,-107.83,212.0,210.5,-102,-110,103,4,W,202
2017-04-27,away,Toronto,Milwaukee,1610612761,0041600126,0.0,105,108,105,105,-105.0,105,63.6,108.0,-105.0,46.7,1.5,-110,1.5,-102,1.5,-110,1.5,-105,1.0,-115,1.5,-107,1.42,-108.17,1.5,1.0,-102,-115,49.8,194.0,-110,196.5,-107,196.5,-110,196.5,-105,196,-115,197.0,-105,196.08,-108.67,197.0,194.0,-105,-115,92,3,W,181
2017-04-27,home,Milwaukee,Toronto,1610612749,0041600126,100.0,-125,-119,-125,-125,-115.0,-125,-121.8,-115.0,-125.0,53.3,-1.5,-110,-1.5,-108,-1.5,-110,-1.5,-105,-1.0,-105,-1.5,-113,-1.42,-108.5,-1.0,-1.5,-105,-113,50.2,194.0,-110,196.5,-103,196.5,-110,196.5,-105,196,-105,197.0,-115,196.08,-108.0,197.0,194.0,-103,-115,89,-3,L,181
2017-04-27,away,San Antonio,Memphis,1610612759,0041600156,46.5,-190,-204,-220,-225,-225.0,-220,-218.8,-204.0,-225.0,0.0,-4.5,-110,-5.0,-103,-5.5,-110,-5.5,-105,-5.5,-105,-5.5,-110,-5.25,-107.17,-4.5,-5.5,-103,-110,62.5,190.0,-110,190.5,-101,190.5,-110,191.0,-105,191,-110,190.5,-110,190.58,-107.67,191.0,190.0,-101,-110,103,7,W,199
2017-04-27,home,Memphis,San Antonio,1610612763,0041600156,53.5,165,183,180,190,185.0,190,185.6,190.0,180.0,100.0,4.5,-110,5.0,-107,5.5,-110,5.5,-105,5.5,-115,5.5,-110,5.25,-109.5,5.5,4.5,-105,-115,37.5,190.0,-110,190.5,-109,190.5,-110,191.0,-105,191,-110,190.5,-110,190.58,-109.0,191.0,190.0,-105,-110,96,-7,L,199
2017-04-28,away,Boston,Chicago,1610612738,0041600106,61.3,-118,-152,-155,-155,-160.0,-153,-155.0,-152.0,-160.0,61.5,0.0,-110,-3.0,-104,-3.0,-110,-3.0,-105,-4.0,-105,-3.0,-110,-2.67,-107.33,0.0,-4.0,-104,-110,44.8,204.0,-110,203.0,-107,202.5,-110,202.5,-105,203,-115,202.5,-110,202.92,-109.5,204.0,202.5,-105,-115,105,22,W,188
2017-04-28,home,Chicago,Boston,1610612741,0041600106,38.7,-102,137,135,135,140.0,133,136.0,140.0,133.0,38.5,0.0,-110,3.0,-106,3.0,-110,3.0,-105,4.0,-115,3.0,-110,2.67,-109.33,4.0,0.0,-105,-115,55.2,204.0,-110,203.0,-103,202.5,-110,202.5,-105,203,-105,202.5,-110,202.92,-107.17,204.0,202.5,-103,-110,83,-22,L,188
2017-04-28,away,Washington,Atlanta,1610612764,0041600136,0.0,135,136,133,135,120.0,134,131.6,136.0,120.0,0.0,3.0,-110,3.0,-107,3.0,-110,3.0,-105,3.0,-110,3.0,-105,3.0,-107.83,3.0,3.0,-105,-110,57.3,210.0,-110,208.5,-103,208.5,-110,209.0,-105,209,-110,208.0,-110,208.83,-108.0,210.0,208.0,-103,-110,115,16,W,214
2017-04-28,home,Atlanta,Washington,1610612737,0041600136,100.0,-155,-150,-153,-155,-140.0,-154,-150.4,-140.0,-155.0,100.0,-3.0,-110,-3.0,-103,-3.0,-110,-3.0,-105,-3.0,-110,-3.0,-115,-3.0,-108.83,-3.0,-3.0,-103,-115,42.7,210.0,-110,208.5,-107,208.5,-110,209.0,-105,209,-110,208.0,-110,208.83,-108.67,210.0,208.0,-105,-110,99,-16,L,214
2017-04-28,away,L.A. Clippers,Utah,1610612746,0041600176,44.7,200,202,195,205,190.0,210,200.4,210.0,190.0,44.0,5.5,-110,5.5,-107,5.5,-110,5.5,-105,5.5,-110,5.5,-110,5.5,-108.67,5.5,5.5,-105,-110,63.4,192.0,-107,195.0,-102,195.0,-110,195.5,-105,196,-110,195.0,-110,194.75,-107.33,196.0,192.0,-102,-110,98,5,W,191
2017-04-28,home,Utah,L.A. Clippers,1610612762,0041600176,55.3,-240,-226,-235,-245,-230.0,-250,-237.2,-226.0,-250.0,56.0,-5.5,-110,-5.5,-103,-5.5,-110,-5.5,-105,-5.5,-110,-5.5,-110,-5.5,-108.0,-5.5,-5.5,-103,-110,36.6,192.0,-113,195.0,-108,195.0,-110,195.5,-105,196,-110,195.0,-110,194.75,-109.33,196.0,192.0,-105,-113,93,-5,L,191
2017-04-30,away,Utah,L.A. Clippers,1610612762,0041600177,53.9,145,139,143,145,140.0,143,142.0,145.0,139.0,49.6,3.5,-110,3.5,-108,3.5,-110,3.5,-105,3.5,-105,3.5,-110,3.5,-108.0,3.5,3.5,-105,-110,58.6,193.0,-110,190.0,-106,190.5,-110,190.0,-105,192,-105,190.0,-113,190.92,-108.17,193.0,190.0,-105,-113,104,13,W,195
2017-04-30,home,L.A. Clippers,Utah,1610612746,0041600177,46.1,-165,-154,-163,-165,-160.0,-163,-161.0,-154.0,-165.0,50.4,-3.5,-110,-3.5,-102,-3.5,-110,-3.5,-105,-3.5,-115,-3.5,-110,-3.5,-108.67,-3.5,-3.5,-102,-115,41.4,193.0,-110,190.0,-104,190.5,-110,190.0,-105,192,-115,190.0,-107,190.92,-108.5,193.0,190.0,-104,-115,91,-13,L,195
2017-04-30,away,Washington,Boston,1610612764,0041600201,50.0,165,158,160,165,165.0,155,160.6,165.0,155.0,55.2,4.5,-110,4.0,-101,4.5,-110,4.5,-105,4.5,-110,4.0,-105,4.33,-106.83,4.5,4.0,-101,-110,0.0,214.5,-110,216.5,-103,216.0,-110,216.0,-105,217,-105,216.0,-110,216.0,-107.17,217.0,214.5,-103,-110,111,-12,L,234
2017-04-30,home,Boston,Washington,1610612738,0041600201,50.0,-190,-175,-185,-190,-190.0,-175,-183.0,-175.0,-190.0,44.8,-4.5,-110,-4.0,-111,-4.5,-110,-4.5,-105,-4.5,-110,-4.0,-115,-4.33,-110.17,-4.0,-4.5,-105,-115,100.0,214.5,-110,216.5,-107,216.0,-110,216.0,-105,217,-115,216.0,-110,216.0,-109.5,217.0,214.5,-105,-115,123,12,W,234
2017-05-01,away,Toronto,Cleveland,1610612761,0041600211,0.0,260,270,260,250,275.0,295,270.0,295.0,250.0,0.0,6.5,-105,7.0,-113,7.0,-110,6.5,-105,7.0,-110,7.0,-110,6.83,-108.83,7.0,6.5,-105,-113,63.3,208.5,-110,211.5,-103,211.5,-110,211.5,-105,212,-105,211.5,-110,211.08,-107.17,212.0,208.5,-103,-110,105,-11,L,221
2017-05-01,home,Cleveland,Toronto,1610612739,0041600211,100.0,-310,-307,-320,-310,-350.0,-355,-328.4,-307.0,-355.0,100.0,-6.5,-115,-7.0,-102,-7.0,-110,-6.5,-105,-7.0,-110,-7.0,-110,-6.83,-108.67,-6.5,-7.0,-102,-115,36.7,208.5,-110,211.5,-107,211.5,-110,211.5,-105,212,-115,211.5,-110,211.08,-109.5,212.0,208.5,-105,-115,116,11,W,221
2017-05-01,away,Houston,San Antonio,1610612745,0041600231,3.2,175,240,235,210,215.0,235,227.0,240.0,210.0,50.5,4.5,-110,6.0,-105,6.0,-110,6.0,-105,6.0,-110,6.0,-105,5.75,-107.5,6.0,4.5,-105,-110,0.0,215.5,-110,215.5,-102,215.5,-110,216.0,-105,216,-105,215.5,-110,215.67,-107.0,216.0,215.5,-102,-110,126,27,W,225
2017-05-01,home,San Antonio,Houston,1610612759,0041600231,96.8,-205,-271,-275,-260,-255.0,-280,-268.2,-255.0,-280.0,49.5,-4.5,-110,-6.0,-105,-6.0,-110,-6.0,-105,-6.0,-110,-6.0,-115,-5.75,-109.17,-4.5,-6.0,-105,-115,100.0,215.5,-110,215.5,-113,215.5,-110,216.0,-105,216,-115,215.5,-110,215.67,-110.5,216.0,215.5,-105,-115,99,-27,L,225
2017-05-02,away,Washington,Boston,1610612764,0041600202,56.6,190,180,180,170,165.0,175,174.0,180.0,165.0,52.4,5.0,-110,5.0,-105,5.0,-110,5.0,-105,5.0,-110,5.0,-115,5.0,-109.17,5.0,5.0,-105,-115,50.9,219.0,-110,217.5,-112,218.0,-110,219.0,-105,219,-110,218.0,-110,218.42,-109.5,219.0,217.5,-105,-112,119,-10,L,248
2017-05-02,home,Boston,Washington,1610612738,0041600202,43.4,-220,-200,-220,-195,-190.0,-205,-202.0,-190.0,-220.0,47.6,-5.0,-110,-5.0,-105,-5.0,-110,-5.0,-105,-5.0,-110,-5.0,-105,-5.0,-107.5,-5.0,-5.0,-105,-110,49.1,219.0,-110,217.5,-102,218.0,-110,219.0,-105,219,-110,218.0,-110,218.42,-107.83,219.0,217.5,-102,-110,129,10,W,248
2017-05-02,away,Utah,Golden State,1610612762,0041600221,61.4,775,1102,1000,955,775.0,1000,966.4,1102.0,775.0,47.8,13.0,-110,13.0,-101,13.0,-110,13.5,-105,13.5,-110,13.0,-102,13.17,-106.33,13.5,13.0,-101,-110,60.3,207.0,-110,205.5,-102,206.0,-110,206.5,-105,208,-110,205.5,-110,206.42,-107.83,208.0,205.5,-102,-110,94,-12,L,200
2017-05-02,home,Golden State,Utah,1610612744,0041600221,38.6,-1100,-1600,-1500,-1355,-1500.0,-1550,-1501.0,-1355.0,-1600.0,52.2,-13.0,-110,-13.0,-109,-13.0,-110,-13.5,-105,-13.5,-110,-13.0,-118,-13.17,-110.33,-13.0,-13.5,-105,-118,39.7,207.0,-110,205.5,-108,206.0,-110,206.5,-105,208,-110,205.5,-110,206.42,-108.83,208.0,205.5,-105,-110,106,12,W,200
2017-05-03,away,Toronto,Cleveland,1610612761,0041600212,4.2,295,300,290,280,285.0,300,291.0,300.0,280.0,43.6,7.5,-110,7.0,-105,7.0,-110,7.0,-105,7.5,-115,7.0,-110,7.17,-109.17,7.5,7.0,-105,-115,60.2,214.0,-110,214.0,-107,214.0,-110,214.5,-105,215,-110,214.0,-110,214.25,-108.67,215.0,214.0,-105,-110,103,-22,L,228
2017-05-03,home,Cleveland,Toronto,1610612739,0041600212,95.8,-355,-343,-350,-350,-370.0,-360,-354.6,-343.0,-370.0,56.4,-7.5,-110,-7.0,-105,-7.0,-110,-7.0,-105,-7.5,-105,-7.0,-110,-7.17,-107.5,-7.0,-7.5,-105,-110,39.8,214.0,-110,214.0,-103,214.0,-110,214.5,-105,215,-110,214.0,-110,214.25,-108.0,215.0,214.0,-103,-110,125,22,W,228
2017-05-03,away,Houston,San Antonio,1610612745,0041600232,58.6,200,214,205,210,185.0,225,207.8,225.0,185.0,50.8,5.5,-110,5.5,-103,5.5,-110,6.0,-105,5.5,-110,6.0,-110,5.67,-108.0,6.0,5.5,-103,-110,52.1,216.5,-110,215.0,-101,215.0,-110,214.5,-105,216,-105,215.0,-105,215.33,-106.0,216.5,214.5,-101,-110,96,-25,L,217
2017-05-03,home,San Antonio,Houston,1610612759,0041600232,41.4,-240,-240,-245,-250,-225.0,-265,-245.0,-225.0,-265.0,49.2,-5.5,-110,-5.5,-107,-5.5,-110,-6.0,-105,-5.5,-110,-6.0,-110,-5.67,-108.67,-5.5,-6.0,-105,-110,47.9,216.5,-110,215.0,-109,215.0,-110,214.5,-105,216,-115,215.0,-115,215.33,-110.67,216.5,214.5,-105,-115,121,25,W,217
2017-05-04,away,Boston,Washington,1610612738,0041600203,51.6,200,205,195,215,170.0,215,200.0,215.0,170.0,44.2,5.0,-110,5.5,-103,5.5,-110,6.0,-105,5.0,-105,5.5,-110,5.42,-107.17,6.0,5.0,-103,-110,0.0,219.0,-110,217.5,-100,218.0,-110,218.5,-105,218,-115,217.5,-110,218.08,-108.33,219.0,217.5,-100,-115,89,-27,L,205
2017-05-04,home,Washington,Boston,1610612764,0041600203,48.4,-240,-230,-235,-265,-200.0,-255,-237.0,-200.0,-265.0,55.8,-5.0,-110,-5.5,-107,-5.5,-110,-6.0,-105,-5.0,-115,-5.5,-110,-5.42,-109.5,-5.0,-6.0,-105,-115,100.0,219.0,-110,217.5,-110,218.0,-110,218.5,-105,218,-105,217.5,-110,218.08,-108.33,219.0,217.5,-105,-110,116,27,W,205
2017-05-04,away,Utah,Golden State,1610612762,0041600222,52.4,925,1126,1050,1015,800.0,975,993.2,1126.0,800.0,38.7,12.5,-110,14.0,-100,13.5,-110,14.0,-105,14.0,-110,14.0,-110,13.67,-107.5,14.0,12.5,-100,-110,65.6,204.5,-110,206.0,-110,206.0,-110,207.0,-105,208,-105,206.0,-115,206.25,-109.17,208.0,204.5,-105,-115,104,-11,L,219
2017-05-04,home,Golden State,Utah,1610612744,0041600222,47.6,-1400,-1650,-1600,-1465,-1600.0,-1500,-1563.0,-1465.0,-1650.0,61.3,-12.5,-110,-14.0,-110,-13.5,-110,-14.0,-105,-14.0,-110,-14.0,-110,-13.67,-109.17,-12.5,-14.0,-105,-110,34.4,204.5,-110,206.0,-100,206.0,-110,207.0,-105,208,-115,206.0,-105,206.25,-107.5,208.0,204.5,-100,-115,115,11,W,219
2017-05-05,away,Cleveland,Toronto,1610612739,0041600213,60.9,-130,-157,-155,-165,-160.0,-160,-159.4,-155.0,-165.0,60.8,-2.5,-110,-3.0,-110,-3.0,-110,-3.5,-105,-4.0,-110,-3.0,-115,-3.17,-110.0,-2.5,-4.0,-105,-115,53.3,214.5,-110,215.0,-108,215.0,-110,215.0,-105,216,-105,215.0,-110,215.08,-108.0,216.0,214.5,-105,-110,115,21,W,209
2017-05-05,home,Toronto,Cleveland,1610612761,0041600213,39.1,110,142,135,145,140.0,140,140.4,145.0,135.0,39.2,2.5,-110,3.0,-100,3.0,-110,3.5,-105,4.0,-110,3.0,-105,3.17,-106.67,4.0,2.5,-100,-110,46.7,214.5,-110,215.0,-102,215.0,-110,215.0,-105,216,-115,215.0,-110,215.08,-108.67,216.0,214.5,-102,-115,94,-21,L,209
2017-05-05,away,San Antonio,Houston,1610612759,0041600233,46.2,160,200,190,200,185.0,200,195.0,200.0,185.0,36.8,3.5,-107,5.0,-102,5.5,-110,5.5,-105,5.5,-105,5.5,-115,5.08,-107.33,5.5,3.5,-102,-115,0.0,216.0,-110,214.5,-111,215.0,-110,215.5,-105,216,-110,215.0,-110,215.33,-109.33,216.0,214.5,-105,-111,103,11,W,195
2017-05-05,home,Houston,San Antonio,1610612745,0041600233,53.8,-180,-224,-230,-235,-225.0,-240,-230.8,-224.0,-240.0,63.2,-3.5,-113,-5.0,-113,-5.5,-110,-5.5,-105,-5.5,-115,-5.5,-105,-5.08,-110.17,-3.5,-5.5,-105,-115,100.0,216.0,-110,214.5,-101,215.0,-110,215.5,-105,216,-110,215.0,-110,215.33,-107.67,216.0,214.5,-101,-110,92,-11,L,195
2017-05-06,away,Golden State,Utah,1610612744,0041600223,55.8,-220,-272,-270,-315,-300.0,-280,-287.4,-270.0,-315.0,60.9,-5.5,-110,-6.5,-109,-6.5,-110,-7.0,-105,-7.5,-110,-6.5,-118,-6.58,-110.33,-5.5,-7.5,-105,-118,58.7,209.0,-110,208.5,-105,209.0,-110,209.0,-105,209,-115,208.5,-110,208.83,-109.17,209.0,208.5,-105,-115,102,11,W,193
2017-05-06,home,Utah,Golden State,1610612762,0041600223,44.2,190,241,230,255,250.0,235,242.2,255.0,230.0,39.1,5.5,-110,6.5,-101,6.5,-110,7.0,-105,7.5,-110,6.5,-102,6.58,-106.33,7.5,5.5,-101,-110,41.3,209.0,-110,208.5,-105,209.0,-110,209.0,-105,209,-105,208.5,-110,208.83,-107.5,209.0,208.5,-105,-110,91,-11,L,193
2017-05-07,away,Boston,Washington,1610612738,0041600204,54.3,165,175,170,175,150.0,160,166.0,175.0,150.0,47.8,4.5,-110,5.0,-104,5.0,-110,5.0,-105,5.0,-110,5.0,-110,4.92,-108.17,5.0,4.5,-104,-110,49.3,215.0,-110,213.0,-110,214.5,-110,215.0,-105,216,-105,214.5,-110,214.67,-108.33,216.0,213.0,-105,-110,102,-19,L,223
2017-05-07,home,Washington,Boston,1610612764,0041600204,45.7,-190,-195,-200,-205,-170.0,-180,-190.0,-170.0,-205.0,52.2,-4.5,-110,-5.0,-106,-5.0,-110,-5.0,-105,-5.0,-110,-5.0,-110,-4.92,-108.5,-4.5,-5.0,-105,-110,50.7,215.0,-110,213.0,-100,214.5,-110,215.0,-105,216,-115,214.5,-110,214.67,-108.33,216.0,213.0,-100,-115,121,19,W,223
2017-05-07,away,Cleveland,Toronto,1610612739,0041600214,61.6,-250,-275,-290,-320,-340.0,-312,-307.4,-275.0,-340.0,65.3,-5.5,-110,-7.0,-102,-7.0,-110,-7.0,-105,-7.5,-115,-7.0,-105,-6.83,-107.83,-5.5,-7.5,-102,-115,58.1,214.5,-110,209.5,-110,210.0,-110,210.0,-105,211,-110,209.5,-115,210.75,-110.0,214.5,209.5,-105,-115,109,7,W,211
2017-05-07,home,Toronto,Cleveland,1610612761,0041600214,38.4,210,244,245,260,270.0,262,256.2,270.0,244.0,34.7,5.5,-110,7.0,-113,7.0,-110,7.0,-105,7.5,-105,7.0,-115,6.83,-109.67,7.5,5.5,-105,-115,41.9,214.5,-110,209.5,-100,210.0,-110,210.0,-105,211,-110,209.5,-105,210.75,-106.67,214.5,209.5,-100,-110,102,-7,L,211
2017-05-07,away,San Antonio,Houston,1610612759,0041600234,60.1,205,185,175,180,160.0,185,177.0,185.0,160.0,52.6,5.5,-110,5.0,-103,5.0,-110,5.0,-105,5.0,-115,5.0,-114,5.08,-109.5,5.5,5.0,-103,-115,58.0,211.5,-110,213.5,-102,213.0,-110,213.5,-105,214,-115,213.5,-105,213.17,-107.83,214.0,211.5,-102,-115,104,-21,L,229
2017-05-07,home,Houston,San Antonio,1610612745,0041600234,39.9,-245,-206,-210,-210,-180.0,-215,-204.2,-180.0,-215.0,47.4,-5.5,-110,-5.0,-107,-5.0,-110,-5.0,-105,-5.0,-105,-5.0,-106,-5.08,-107.17,-5.0,-5.5,-105,-110,42.0,211.5,-110,213.5,-113,213.0,-110,213.5,-105,214,-105,213.5,-115,213.17,-109.67,214.0,211.5,-105,-115,125,21,W,229
2017-05-08,away,Golden State,Utah,1610612744,0041600224,54.1,-365,-425,-450,-505,-520.0,-435,-467.0,-425.0,-520.0,58.6,-8.0,-110,-8.5,-105,-8.5,-110,-9.0,-105,-9.0,-110,-9.0,-105,-8.67,-107.5,-8.0,-9.0,-105,-110,64.2,206.5,-110,207.0,-107,207.0,-110,207.5,-105,208,-115,207.0,-110,207.17,-109.5,208.0,206.5,-105,-115,121,26,W,216
2017-05-08,home,Utah,Golden State,1610612762,0041600224,45.9,305,365,360,380,360.0,365,366.0,380.0,360.0,41.4,8.0,-110,8.5,-105,8.5,-110,9.0,-105,9.0,-110,9.0,-115,8.67,-109.17,9.0,8.0,-105,-115,35.8,206.5,-110,207.0,-103,207.0,-110,207.5,-105,208,-105,207.0,-110,207.17,-107.17,208.0,206.5,-103,-110,95,-26,L,216
2017-05-09,away,Houston,San Antonio,1610612745,0041600235,53.1,205,197,190,185,175.0,200,189.4,200.0,175.0,43.9,5.5,-105,5.5,-103,5.5,-110,5.5,-105,5.5,-105,5.5,-118,5.5,-107.67,5.5,5.5,-103,-118,57.8,215.0,-110,216.0,-102,216.0,-110,217.0,-105,217,-105,216.0,-110,216.17,-107.0,217.0,215.0,-102,-110,107,-3,L,217
2017-05-09,home,San Antonio,Houston,1610612759,0041600235,46.9,-245,-220,-230,-215,-210.0,-240,-223.0,-210.0,-240.0,56.1,-5.5,-115,-5.5,-107,-5.5,-110,-5.5,-105,-5.5,-115,-5.5,-102,-5.5,-109.0,-5.5,-5.5,-102,-115,42.2,215.0,-110,216.0,-113,216.0,-110,217.0,-105,217,-115,216.0,-110,216.17,-110.5,217.0,215.0,-105,-115,110,3,W,217
2017-05-10,away,Washington,Boston,1610612764,0041600205,55.6,165,144,150,140,150.0,170,150.8,170.0,140.0,36.4,4.0,-110,4.0,-110,4.0,-110,4.0,-105,4.5,-115,4.0,-108,4.08,-109.67,4.5,4.0,-105,-115,40.0,216.0,-110,217.0,-104,218.0,-110,218.0,-105,219,-105,217.5,-110,217.58,-107.33,219.0,216.0,-104,-110,101,-22,L,224
2017-05-10,home,Boston,Washington,1610612738,0041600205,44.4,-190,-160,-170,-160,-170.0,-195,-171.0,-160.0,-195.0,63.6,-4.0,-110,-4.0,-100,-4.0,-110,-4.0,-105,-4.5,-105,-4.0,-112,-4.08,-107.0,-4.0,-4.5,-100,-112,60.0,216.0,-110,217.0,-106,218.0,-110,218.0,-105,219,-115,217.5,-110,217.58,-109.33,219.0,216.0,-105,-115,123,22,W,224
2017-05-11,away,San Antonio,Houston,1610612759,0041600236,50.0,235,427,425,380,400.0,425,411.4,427.0,380.0,43.5,7.0,-115,8.5,-100,9.0,-110,9.0,-105,9.0,-115,9.0,-108,8.58,-108.83,9.0,7.0,-100,-115,58.2,215.0,-110,210.5,-109,210.5,-110,211.0,-105,211,-110,210.5,-110,211.42,-109.0,215.0,210.5,-105,-110,114,39,W,189
2017-05-11,home,Houston,San Antonio,1610612745,0041600236,50.0,-280,-505,-550,-505,-600.0,-520,-536.0,-505.0,-600.0,56.5,-7.0,-105,-8.5,-110,-9.0,-110,-9.0,-105,-9.0,-105,-9.0,-112,-8.58,-107.83,-7.0,-9.0,-105,-112,41.8,215.0,-110,210.5,-101,210.5,-110,211.0,-105,211,-110,210.5,-110,211.42,-107.67,215.0,210.5,-101,-110,75,-39,L,189
2017-05-12,away,Boston,Washington,1610612738,0041600206,54.1,180,191,180,185,160.0,195,182.2,195.0,160.0,46.8,5.5,-113,5.0,-102,5.0,-110,5.0,-105,5.0,-110,5.0,-108,5.08,-108.0,5.5,5.0,-102,-113,59.0,216.0,-110,215.0,-100,215.0,-110,215.0,-105,216,-110,215.0,-110,215.33,-107.5,216.0,215.0,-100,-110,91,-1,L,183
2017-05-12,home,Washington,Boston,1610612764,0041600206,45.9,-210,-213,-220,-215,-180.0,-225,-210.6,-180.0,-225.0,53.2,-5.5,-107,-5.0,-108,-5.0,-110,-5.0,-105,-5.0,-110,-5.0,-112,-5.08,-108.67,-5.0,-5.5,-105,-112,41.0,216.0,-110,215.0,-110,215.0,-110,215.0,-105,216,-110,215.0,-110,215.33,-109.17,216.0,215.0,-105,-110,92,1,W,183
2017-05-14,away,San Antonio,Golden State,1610612759,0041600311,60.4,485,545,475,505,415.0,535,495.0,545.0,415.0,53.4,10.0,-110,10.0,-107,10.0,-110,10.5,-105,10.0,-110,10.0,-110,10.08,-108.67,10.5,10.0,-105,-110,66.7,211.0,-110,209.5,-102,209.5,-110,209.5,-105,211,-115,209.5,-110,210.0,-108.67,211.0,209.5,-102,-115,111,-2,L,224
2017-05-14,home,Golden State,San Antonio,1610612744,0041600311,39.6,-610,-666,-650,-655,-630.0,-700,-660.2,-630.0,-700.0,46.6,-10.0,-110,-10.0,-103,-10.0,-110,-10.5,-105,-10.0,-110,-10.0,-110,-10.08,-108.0,-10.0,-10.5,-103,-110,33.3,211.0,-110,209.5,-108,209.5,-110,209.5,-105,211,-105,209.5,-110,210.0,-108.0,211.0,209.5,-105,-110,113,2,W,224
2017-05-15,away,Washington,Boston,1610612764,0041600207,4.5,155,180,180,185,180.0,200,185.0,200.0,180.0,31.0,4.0,-110,5.0,-113,5.0,-110,5.0,-105,5.5,-115,5.0,-110,4.92,-110.5,5.5,4.0,-105,-115,0.0,212.5,-110,210.5,-106,211.0,-110,211.5,-105,213,-105,211.0,-105,211.58,-106.83,213.0,210.5,-105,-110,105,-10,L,220
2017-05-15,home,Boston,Washington,1610612738,0041600207,95.5,-175,-200,-220,-215,-220.0,-240,-219.0,-200.0,-240.0,69.0,-4.0,-110,-5.0,-102,-5.0,-110,-5.0,-105,-5.5,-105,-5.0,-110,-4.92,-107.0,-4.0,-5.5,-102,-110,100.0,212.5,-110,210.5,-104,211.0,-110,211.5,-105,213,-115,211.0,-115,211.58,-109.83,213.0,210.5,-104,-115,115,10,W,220
2017-05-16,away,San Antonio,Golden State,1610612759,0041600312,50.0,925,1000,885,915,750.0,975,905.0,1000.0,750.0,40.0,12.0,-110,13.5,-103,13.5,-110,13.5,-105,13.5,-110,13.5,-105,13.25,-107.17,13.5,12.0,-103,-110,59.3,211.0,-110,210.0,-103,210.0,-110,211.0,-105,212,-105,210.0,-110,210.67,-107.17,212.0,210.0,-103,-110,100,-36,L,236
2017-05-16,home,Golden State,San Antonio,1610612744,0041600312,50.0,-1400,-1403,-1350,-1315,-1400.0,-1500,-1393.6,-1315.0,-1500.0,60.0,-12.0,-110,-13.5,-107,-13.5,-110,-13.5,-105,-13.5,-110,-13.5,-115,-13.25,-109.5,-12.0,-13.5,-105,-115,40.7,211.0,-110,210.0,-107,210.0,-110,211.0,-105,212,-115,210.0,-110,210.67,-109.5,212.0,210.0,-105,-115,136,36,W,236
2017-05-17,away,Cleveland,Boston,1610612739,0041600301,58.9,-156,-177,-190,-200,-220.0,-190,-195.4,-177.0,-220.0,60.3,-3.0,-115,-4.0,-102,-4.5,-110,-4.5,-105,-5.5,-105,-4.0,-110,-4.25,-107.83,-3.0,-5.5,-102,-115,47.1,219.5,-110,219.0,-106,218.5,-110,219.0,-105,220,-110,218.5,-110,219.08,-108.5,220.0,218.5,-105,-110,117,13,W,221
2017-05-17,home,Boston,Cleveland,1610612738,0041600301,41.1,136,159,165,170,180.0,165,167.8,180.0,159.0,39.7,3.0,-105,4.0,-108,4.5,-110,4.5,-105,5.5,-115,4.0,-110,4.25,-108.83,5.5,3.0,-105,-115,52.9,219.5,-110,219.0,-104,218.5,-110,219.0,-105,220,-110,218.5,-110,219.08,-108.17,220.0,218.5,-104,-110,104,-13,L,221
2017-05-19,away,Cleveland,Boston,1610612739,0041600302,57.5,-240,-212,-200,-215,-250.0,-215,-218.4,-200.0,-250.0,63.1,-4.5,-115,-5.0,-108,-5.5,-101,-5.0,-105,-6.5,-110,-5.0,-113,-5.25,-108.67,-4.5,-6.5,-101,-115,52.9,219.5,-115,218.5,-113,218.0,-105,219.5,-105,220,-110,219.0,-110,219.08,-109.67,220.0,218.0,-105,-115,130,44,W,216
2017-05-19,home,Boston,Cleveland,1610612738,0041600302,42.5,200,190,185,185,210.0,185,191.0,210.0,185.0,36.9,4.5,-105,5.0,-102,5.5,-109,5.0,-105,6.5,-110,5.0,-107,5.25,-106.33,6.5,4.5,-102,-110,47.1,219.5,-105,218.5,-102,218.0,-105,219.5,-105,220,-110,219.0,-110,219.08,-106.17,220.0,218.0,-102,-110,86,-44,L,216
2017-05-20,away,Golden State,San Antonio,1610612744,0041600313,0.0,-265,-450,-485,-530,-550.0,-475,-498.0,-450.0,-550.0,48.5,-6.5,-110,-9.0,-105,-9.0,-110,-9.5,-105,-10.0,-115,-9.5,-110,-8.92,-109.17,-6.5,-10.0,-105,-115,62.5,212.0,-110,214.5,-110,214.5,-110,215.5,-105,216,-105,214.5,-110,214.5,-108.33,216.0,212.0,-105,-110,120,12,W,228
2017-05-20,home,San Antonio,Golden State,1610612759,0041600313,100.0,225,385,385,405,375.0,400,390.0,405.0,375.0,51.5,6.5,-110,9.0,-105,9.0,-110,9.5,-105,10.0,-105,9.5,-110,8.92,-107.5,10.0,6.5,-105,-110,37.5,212.0,-110,214.5,-100,214.5,-110,215.5,-105,216,-115,214.5,-110,214.5,-108.33,216.0,212.0,-100,-115,108,-12,L,228
2017-05-21,away,Boston,Cleveland,1610612738,0041600303,64.0,1850,1681,1700,1665,1350.0,1800,1639.2,1800.0,1350.0,39.1,13.5,-110,15.5,-101,16.0,-110,16.0,-105,17.5,-110,16.0,-110,15.75,-107.67,17.5,13.5,-101,-110,53.4,218.0,-110,214.5,-108,214.0,-110,214.5,-105,216,-105,214.0,-110,215.17,-108.0,218.0,214.0,-105,-110,111,3,W,219
2017-05-21,home,Cleveland,Boston,1610612739,0041600303,36.0,-3350,-3050,-3400,-3165,-3400.0,-3300,-3263.0,-3050.0,-3400.0,60.9,-13.5,-110,-15.5,-109,-16.0,-110,-16.0,-105,-17.5,-110,-16.0,-110,-15.75,-109.0,-13.5,-17.5,-105,-110,46.6,218.0,-110,214.5,-102,214.0,-110,214.5,-105,216,-115,214.0,-110,215.17,-108.67,218.0,214.0,-102,-115,108,-3,L,219
2017-05-22,away,Golden State,San Antonio,1610612744,0041600314,29.4,-1000,-642,-750,-665,-700.0,-725,-696.4,-642.0,-750.0,57.0,-10.0,-110,-11.0,-104,-11.0,-110,-11.0,-105,-12.0,-110,-11.0,-110,-11.0,-108.17,-10.0,-12.0,-104,-110,62.3,215.5,-110,218.5,-103,218.5,-110,218.0,-105,220,-110,218.5,-105,218.17,-107.17,220.0,215.5,-103,-110,129,14,W,244
2017-05-22,home,San Antonio,Golden State,1610612759,0041600314,70.6,725,528,525,515,450.0,560,515.6,560.0,450.0,43.0,10.0,-110,11.0,-106,11.0,-110,11.0,-105,12.0,-110,11.0,-110,11.0,-108.5,12.0,10.0,-105,-110,37.7,215.5,-110,218.5,-114,218.5,-110,218.0,-105,220,-110,218.5,-115,218.17,-110.67,220.0,215.5,-105,-115,115,-14,L,244
2017-05-23,away,Boston,Cleveland,1610612738,0041600304,65.5,1350,1346,1350,1290,1000.0,1225,1242.2,1350.0,1000.0,39.0,15.0,-110,15.0,-103,15.5,-110,15.5,-105,16.0,-105,15.5,-110,15.42,-107.17,16.0,15.0,-103,-110,62.1,216.0,-110,215.0,-105,215.5,-110,215.5,-105,218,-110,215.0,-112,215.83,-108.67,218.0,215.0,-105,-112,99,-13,L,211
2017-05-23,home,Cleveland,Boston,1610612739,0041600304,34.5,-2500,-2135,-2300,-2040,-2200.0,-2050,-2145.0,-2040.0,-2300.0,61.0,-15.0,-110,-15.0,-107,-15.5,-110,-15.5,-105,-16.0,-115,-15.5,-110,-15.42,-109.5,-15.0,-16.0,-105,-115,37.9,216.0,-110,215.0,-105,215.5,-110,215.5,-105,218,-110,215.0,-108,215.83,-108.0,218.0,215.0,-105,-110,112,13,W,211
2017-05-25,away,Cleveland,Boston,1610612739,0041600305,38.5,-515,-525,-500,-570,-580.0,-525,-540.0,-500.0,-580.0,59.8,-8.5,-110,-9.5,-111,-9.5,-109,-10.0,-105,-11.0,-110,-9.5,-110,-9.67,-109.17,-8.5,-11.0,-105,-111,60.2,214.5,-110,213.5,-111,214.0,-105,214.0,-105,215,-110,213.5,-115,214.08,-109.33,215.0,213.5,-105,-115,135,33,W,237
2017-05-25,home,Boston,Cleveland,1610612738,0041600305,61.5,420,442,435,445,390.0,430,428.4,445.0,390.0,40.2,8.5,-110,9.5,-101,9.5,-101,10.0,-105,11.0,-110,9.5,-110,9.67,-106.17,11.0,8.5,-101,-110,39.8,214.5,-110,213.5,-101,214.0,-105,214.0,-105,215,-110,213.5,-105,214.08,-106.0,215.0,213.5,-101,-110,102,-33,L,237
2017-06-01,away,Cleveland,Golden State,1610612739,0041600401,61.1,260,281,280,290,240.0,270,272.2,290.0,240.0,51.9,7.0,-115,7.5,-102,7.5,-102,8.0,-105,7.0,-105,7.5,-105,7.42,-105.67,8.0,7.0,-102,-115,45.0,225.0,-110,225.0,-100,225.0,-102,225.5,-105,225,-105,225.0,-110,225.08,-105.33,225.5,225.0,-100,-110,91,-22,L,204
2017-06-01,home,Golden State,Cleveland,1610612744,0041600401,38.9,-310,-320,-310,-360,-280.0,-320,-318.0,-280.0,-360.0,48.1,-7.0,-105,-7.5,-113,-7.5,-108,-8.0,-105,-7.0,-115,-7.5,-115,-7.42,-110.17,-7.0,-8.0,-105,-115,55.0,225.0,-110,225.0,-110,225.0,-108,225.5,-105,225,-115,225.0,-110,225.08,-109.67,225.5,225.0,-105,-115,113,22,W,204
2017-06-04,away,Cleveland,Golden State,1610612739,0041600402,62.8,315,346,350,330,300.0,330,331.2,350.0,300.0,40.7,8.0,-110,9.0,-105,9.0,-108,9.0,-108,9.0,-105,9.0,-110,8.83,-107.67,9.0,8.0,-105,-110,44.4,221.5,-110,222.0,-102,222.0,-102,222.5,-105,222,-115,221.5,-110,221.92,-107.33,222.5,221.5,-102,-115,113,-19,L,245
2017-06-04,home,Golden State,Cleveland,1610612744,0041600402,37.2,-375,-400,-395,-420,-400.0,-400,-403.0,-395.0,-420.0,59.3,-8.0,-110,-9.0,-105,-9.0,-102,-9.0,-102,-9.0,-115,-9.0,-110,-8.83,-107.33,-8.0,-9.0,-102,-115,55.6,221.5,-110,222.0,-113,222.0,-108,222.5,-105,222,-105,221.5,-110,221.92,-108.5,222.5,221.5,-105,-113,132,19,W,245
2017-06-07,away,Golden State,Cleveland,1610612744,0041600403,38.5,-135,-143,-147,-140,-150.0,-147,-145.4,-140.0,-150.0,53.7,-2.0,-115,-3.0,-102,-3.5,-101,-3.0,-105,-4.0,-110,-3.0,-110,-3.08,-107.17,-2.0,-4.0,-101,-115,49.2,225.5,-110,226.5,-105,226.5,-108,226.5,-105,227,-115,227.0,-110,226.5,-108.83,227.0,225.5,-105,-115,118,5,W,231
2017-06-07,home,Cleveland,Golden State,1610612739,0041600403,61.5,115,129,137,120,130.0,127,128.6,137.0,120.0,46.3,2.0,-105,3.0,-108,3.5,-109,3.0,-105,4.0,-110,3.0,-110,3.08,-107.83,4.0,2.0,-105,-110,50.8,225.5,-110,226.5,-105,226.5,-102,226.5,-105,227,-105,227.0,-110,226.5,-106.17,227.0,225.5,-102,-110,113,-5,L,231
2017-06-09,away,Golden State,Cleveland,1610612744,0041600404,38.3,-240,-188,-190,-190,-190.0,-175,-186.6,-175.0,-190.0,51.9,-5.5,-112,-4.5,-109,-5.0,-105,-5.0,-105,-6.0,-105,-5.0,-109,-5.17,-107.5,-4.5,-6.0,-105,-112,47.5,228.5,-110,226.5,-103,227.0,-105,226.5,-105,228,-105,227.0,-110,227.25,-106.33,228.5,226.5,-103,-110,116,-21,L,253
2017-06-09,home,Cleveland,Golden State,1610612739,0041600404,61.7,200,169,175,165,165.0,155,165.8,175.0,155.0,48.1,5.5,-108,4.5,-101,5.0,-105,5.0,-105,6.0,-115,5.0,-111,5.17,-107.5,6.0,4.5,-101,-115,52.5,228.5,-110,226.5,-107,227.0,-105,226.5,-105,228,-115,227.0,-110,227.25,-108.67,228.5,226.5,-105,-115,137,21,W,253
2017-06-12,away,Cleveland,Golden State,1610612739,0041600405,60.3,290,322,340,305,260.0,330,311.4,340.0,260.0,32.1,8.5,-110,9.5,-111,9.0,-101,9.5,-105,9.0,-110,9.0,-103,9.08,-106.67,9.5,8.5,-101,-111,0.0,230.5,-110,231.0,-103,231.5,-101,231.5,-105,232,-110,231.0,-110,231.25,-106.5,232.0,230.5,-101,-110,120,-9,L,249
2017-06-12,home,Golden State,Cleveland,1610612744,0041600405,39.7,-350,-370,-380,-385,-320.0,-400,-371.0,-320.0,-400.0,67.9,-8.5,-110,-9.5,-101,-9.0,-109,-9.5,-105,-9.0,-110,-9.0,-117,-9.08,-108.67,-8.5,-9.5,-101,-117,100.0,230.5,-110,231.0,-107,231.5,-109,231.5,-105,232,-110,231.0,-110,231.25,-108.5,232.0,230.5,-105,-110,129,9,W,249
