Date,Location,Team,OppTeam,TeamId,GameId,PercentBet_ML,Open_Line_ML,Pinnacle_ML,5dimes_ML,Heritage_ML,Bovada_ML,Betonline_ML,Average_Line_ML,Best_Line_ML,Worst_Line_ML,PercentBet_Spread,Open_Line_Spread,Open_Odds_Spread,Pinnacle_Line_Spread,Pinnacle_Odds_Spread,5dimes_Line_Spread,5dimes_Odds_Spread,Heritage_Line_Spread,Heritage_Odds_Spread,Bovada_Line_Spread,Bovada_Odds_Spread,Betonline_Line_Spread,Betonline_Odds_Spread,Average_Line_Spread,Average_Odds_Spread,Best_Line_Spread,Worst_Line_Spread,Best_Odds_Spread,Worst_Odds_Spread,PercentBet_OU,Open_Line_OU,Open_Odds_OU,Pinnacle_Line_OU,Pinnacle_Odds_OU,5dimes_Line_OU,5dimes_Odds_OU,Heritage_Line_OU,Heritage_Odds_OU,Bovada_Line_OU,Bovada_Odds_OU,Betonline_Line_OU,Betonline_Odds_OU,Average_Line_OU,Average_Odds_OU,Best_Line_OU,Worst_Line_OU,Best_Odds_OU,Worst_Odds_OU,Pts,Spread,Result,Total
2018-04-14,away,Washington,Toronto,1610612764,0041700101,55.8,315,324,320,305,280,315,308.8,324,280,54.5,7.5,-110,7.5,-101,7.5,-102,7.5,-105,7.5,-110,7.5,-110,7.5,-106.33,7.5,7.5,-101,-110,58.7,209.5,-110,214.0,-105,214.0,-108,214.5,-105,214,-115,214.0,-110,213.33,-108.83,214.5,209.5,-105,-115,106,-8,L,220
2018-04-14,home,Toronto,Washington,1610612761,0041700101,44.2,-375,-373,-355,-385,-360,-375,-369.6,-355,-385,45.5,-7.5,-110,-7.5,-111,-7.5,-108,-7.5,-105,-7.5,-110,-7.5,-110,-7.5,-109.0,-7.5,-7.5,-105,-111,41.3,209.5,-110,214.0,-105,214.0,-102,214.5,-105,214,-105,214.0,-110,213.33,-106.17,214.5,209.5,-102,-110,114,8,W,220
2018-04-14,away,Miami,Philadelphia,1610612748,0041700121,50.3,230,208,210,195,210,200,204.6,210,195,49.5,7.0,-110,5.5,-106,5.5,-108,5.5,-105,6.0,-110,5.5,-106,5.83,-107.5,7.0,5.5,-105,-110,52.7,214.0,-110,214.0,-102,214.0,-101,214.5,-105,214,-110,214.0,-105,214.08,-105.5,214.5,214.0,-101,-110,103,-27,L,233
2018-04-14,home,Philadelphia,Miami,1610612755,0041700121,49.7,-275,-233,-230,-230,-250,-240,-236.6,-230,-250,50.5,-7.0,-110,-5.5,-104,-5.5,-102,-5.5,-105,-6.0,-110,-5.5,-114,-5.83,-107.5,-5.5,-7.0,-102,-114,47.3,214.0,-110,214.0,-113,214.0,-109,214.5,-105,214,-110,214.0,-115,214.08,-110.33,214.5,214.0,-105,-115,130,27,W,233
2018-04-14,away,San Antonio,Golden State,1610612759,0041700151,49.8,300,330,340,330,325,357,336.4,357,325,54.1,8.0,-110,8.0,-107,8.0,-105,8.0,-105,8.0,-110,8.0,-117,8.0,-109.0,8.0,8.0,-105,-117,53.1,210.5,-110,205.0,-110,205.5,-105,205.0,-105,206,-110,205.5,-110,206.25,-108.33,210.5,205.0,-105,-110,92,-21,L,205
2018-04-14,home,Golden State,San Antonio,1610612744,0041700151,50.2,-360,-380,-380,-420,-450,-427,-411.4,-380,-450,45.9,-8.0,-110,-8.0,-103,-8.0,-105,-8.0,-105,-8.0,-110,-8.0,-103,-8.0,-106.0,-8.0,-8.0,-103,-110,46.9,210.5,-110,205.0,-100,205.5,-105,205.0,-105,206,-110,205.5,-110,206.25,-106.67,210.5,205.0,-100,-110,113,21,W,205
2018-04-14,away,New Orleans,Portland,1610612740,0041700161,53.0,200,203,200,195,185,202,197.0,203,185,51.9,5.0,-110,5.5,-108,5.5,-107,5.5,-105,5.0,-105,5.5,-107,5.33,-107.0,5.5,5.0,-105,-110,60.8,216.5,-110,216.5,-105,216.5,-105,217.0,-105,217,-115,217.0,-110,216.75,-108.33,217.0,216.5,-105,-115,97,2,W,192
2018-04-14,home,Portland,New Orleans,1610612757,0041700161,47.0,-240,-227,-220,-230,-225,-242,-228.8,-220,-242,48.1,-5.0,-110,-5.5,-102,-5.5,-103,-5.5,-105,-5.0,-115,-5.5,-113,-5.33,-108.0,-5.0,-5.5,-102,-115,39.2,216.5,-110,216.5,-105,216.5,-105,217.0,-105,217,-105,217.0,-110,216.75,-106.67,217.0,216.5,-105,-110,95,-2,L,192
2018-04-15,away,Milwaukee,Boston,1610612749,0041700111,54.6,145,152,155,145,170,150,154.4,170,145,46.5,2.0,-105,4.0,-111,3.5,-101,3.5,-105,4.0,-110,4.0,-115,3.5,-107.83,4.0,2.0,-101,-115,54.2,205.0,-110,200.0,-101,199.5,-105,200.0,-105,201,-110,200.0,-105,200.92,-106.0,205.0,199.5,-101,-110,107,-6,L,220
2018-04-15,home,Boston,Milwaukee,1610612738,0041700111,45.4,-165,-169,-165,-165,-200,-170,-173.8,-165,-200,53.5,-2.0,-115,-4.0,-101,-3.5,-109,-3.5,-105,-4.0,-110,-4.0,-105,-3.5,-107.5,-2.0,-4.0,-101,-115,45.8,205.0,-110,200.0,-109,199.5,-105,200.0,-105,201,-110,200.0,-115,200.92,-109.0,205.0,199.5,-105,-115,113,6,W,220
2018-04-15,away,Indiana,Cleveland,1610612754,0041700131,37.4,245,322,315,285,180,345,289.4,345,180,44.8,7.0,-110,7.5,-108,7.5,-107,7.0,-105,7.0,-105,7.5,-110,7.25,-107.5,7.5,7.0,-105,-110,57.5,217.5,-110,212.0,-104,212.0,-108,212.0,-105,213,-115,211.5,-110,213.0,-108.67,217.5,211.5,-104,-115,98,18,W,178
2018-04-15,home,Cleveland,Indiana,1610612739,0041700131,62.6,-290,-370,-345,-355,-220,-415,-341.0,-220,-415,55.2,-7.0,-110,-7.5,-102,-7.5,-103,-7.0,-105,-7.0,-115,-7.5,-110,-7.25,-107.5,-7.0,-7.5,-102,-115,42.5,217.5,-110,212.0,-106,212.0,-102,212.0,-105,213,-105,211.5,-110,213.0,-106.33,217.5,211.5,-102,-110,80,-18,L,178
2018-04-15,away,Minnesota,Houston,1610612750,0041700141,52.6,635,744,800,700,1300,725,853.8,1300,700,43.7,10.0,-110,11.5,-108,11.5,-102,12.0,-105,11.5,-105,11.5,-112,11.33,-107.0,12.0,10.0,-102,-112,64.2,218.5,-110,215.5,-103,215.5,-102,216.0,-105,216,-115,215.5,-110,216.17,-107.5,218.5,215.5,-102,-115,101,-3,L,205
2018-04-15,home,Houston,Minnesota,1610612745,0041700141,47.4,-850,-962,-1000,-950,-2500,-1000,-1282.4,-950,-2500,56.3,-10.0,-110,-11.5,-102,-11.5,-108,-12.0,-105,-11.5,-115,-11.5,-108,-11.33,-108.0,-10.0,-12.0,-102,-115,35.8,218.5,-110,215.5,-107,215.5,-108,216.0,-105,216,-105,215.5,-110,216.17,-107.5,218.5,215.5,-105,-110,104,3,W,205
2018-04-15,away,Utah,Oklahoma City,1610612762,0041700171,48.0,140,161,170,165,185,170,170.2,185,161,52.0,3.5,-110,4.0,-107,4.5,-109,4.0,-105,5.0,-115,4.0,-113,4.17,-109.83,5.0,3.5,-105,-115,88.9,204.5,-110,205.0,-111,205.0,-108,205.5,-105,206,-110,205.5,-110,205.25,-109.0,206.0,204.5,-105,-111,108,-8,L,224
2018-04-15,home,Oklahoma City,Utah,1610612760,0041700171,52.0,-160,-179,-185,-190,-225,-195,-194.8,-179,-225,48.0,-3.5,-110,-4.0,-103,-4.5,-101,-4.0,-105,-5.0,-105,-4.0,-107,-4.17,-105.17,-3.5,-5.0,-101,-110,11.1,204.5,-110,205.0,-101,205.0,-102,205.5,-105,206,-110,205.5,-110,205.25,-106.33,206.0,204.5,-101,-110,116,8,W,224
2018-04-16,away,Miami,Philadelphia,1610612748,0041700122,50.6,260,248,260,253,220,245,245.2,260,220,42.6,7.0,-110,6.5,-110,6.5,-101,6.5,-105,7.0,-110,6.5,-115,6.67,-108.5,7.0,6.5,-101,-115,55.2,215.5,-110,217.0,-105,217.0,-108,217.0,-105,217,-110,217.0,-111,216.75,-108.17,217.0,215.5,-105,-111,113,10,W,216
2018-04-16,home,Philadelphia,Miami,1610612755,0041700122,49.4,-310,-280,-290,-313,-260,-290,-286.6,-260,-313,57.4,-7.0,-110,-6.5,-100,-6.5,-109,-6.5,-105,-7.0,-110,-6.5,-105,-6.67,-106.5,-6.5,-7.0,-100,-110,44.8,215.5,-110,217.0,-105,217.0,-102,217.0,-105,217,-110,217.0,-109,216.75,-106.83,217.0,215.5,-102,-110,103,-10,L,216
2018-04-16,away,San Antonio,Golden State,1610612759,0041700152,48.0,475,469,465,435,1200,460,605.8,1200,435,47.5,9.5,-105,9.0,-108,9.0,-105,9.0,-105,9.5,-115,9.0,-115,9.17,-108.83,9.5,9.0,-105,-115,58.2,206.0,-110,205.5,-100,205.5,-108,206.0,-105,206,-110,205.5,-108,205.75,-106.83,206.0,205.5,-100,-110,101,-15,L,217
2018-04-16,home,Golden State,San Antonio,1610612744,0041700152,52.0,-600,-561,-545,-560,-2400,-565,-926.2,-545,-2400,52.5,-9.5,-115,-9.0,-102,-9.0,-105,-9.0,-105,-9.5,-105,-9.0,-105,-9.17,-106.17,-9.0,-9.5,-102,-115,41.8,206.0,-110,205.5,-110,205.5,-102,206.0,-105,206,-110,205.5,-112,205.75,-108.17,206.0,205.5,-102,-112,116,15,W,217
2018-04-17,away,Washington,Toronto,1610612764,0041700102,52.4,250,258,260,250,245,250,252.6,260,245,55.1,7.0,-110,7.0,-103,7.0,-108,7.0,-105,7.0,-115,7.0,-114,7.0,-109.17,7.0,7.0,-103,-115,53.0,215.0,-110,214.5,-105,213.5,-107,214.0,-105,214,-110,213.5,-115,214.08,-108.67,215.0,213.5,-105,-115,119,-11,L,249
2018-04-17,home,Toronto,Washington,1610612761,0041700102,47.6,-300,-292,-290,-310,-290,-300,-296.4,-290,-310,44.9,-7.0,-110,-7.0,-107,-7.0,-102,-7.0,-105,-7.0,-105,-7.0,-106,-7.0,-105.83,-7.0,-7.0,-102,-110,47.0,215.0,-110,214.5,-105,213.5,-103,214.0,-105,214,-110,213.5,-105,214.08,-106.33,215.0,213.5,-103,-110,130,11,W,249
2018-04-17,away,Milwaukee,Boston,1610612749,0041700112,57.7,135,-104,-105,-110,-105,-105,-105.8,-104,-110,50.8,3.0,-110,1.0,-108,1.0,-112,1.0,-110,1.0,-115,1.0,-110,1.33,-110.83,3.0,1.0,-108,-115,63.5,199.0,-110,199.5,-110,199.5,-102,200.0,-105,201,-110,200.0,-110,199.83,-107.83,201.0,199.0,-102,-110,106,-14,L,226
2018-04-17,home,Boston,Milwaukee,1610612738,0041700112,42.3,-155,-106,-105,-110,-115,-115,-110.2,-105,-115,49.2,-3.0,-110,-1.0,-102,-1.0,-102,-1.0,-100,-1.0,-105,-1.0,-110,-1.33,-104.83,-1.0,-3.0,-100,-110,36.5,199.0,-110,199.5,-100,199.5,-108,200.0,-105,201,-110,200.0,-110,199.83,-107.17,201.0,199.0,-100,-110,120,14,W,226
2018-04-17,away,New Orleans,Portland,1610612740,0041700162,53.9,230,250,255,225,230,265,245.0,265,225,49.1,6.0,-105,6.5,-105,6.5,-107,6.0,-105,6.0,-105,6.5,-112,6.25,-106.5,6.5,6.0,-105,-112,60.1,214.0,-110,216.5,-107,216.0,-105,217.0,-105,216,-115,215.5,-122,215.83,-110.67,217.0,214.0,-105,-122,111,9,W,213
2018-04-17,home,Portland,New Orleans,1610612757,0041700162,46.1,-275,-283,-280,-275,-270,-315,-284.6,-270,-315,50.9,-6.0,-115,-6.5,-105,-6.5,-103,-6.0,-105,-6.0,-115,-6.5,-108,-6.25,-108.5,-6.0,-6.5,-103,-115,39.9,214.0,-110,216.5,-103,216.0,-105,217.0,-105,216,-105,215.5,-102,215.83,-105.0,217.0,214.0,-102,-110,102,-9,L,213
2018-04-18,away,Indiana,Cleveland,1610612754,0041700132,58.4,375,351,360,335,305,355,341.2,360,305,53.7,7.5,-110,8.0,-103,8.0,-105,8.0,-105,8.0,-115,8.0,-105,7.92,-107.17,8.0,7.5,-103,-115,62.7,209.0,-110,212.5,-107,212.5,-107,213.0,-105,213,-110,212.5,-107,212.08,-107.67,213.0,209.0,-105,-110,97,-3,L,197
2018-04-18,home,Cleveland,Indiana,1610612739,0041700132,41.6,-450,-407,-405,-425,-410,-425,-414.4,-405,-425,46.3,-7.5,-110,-8.0,-107,-8.0,-105,-8.0,-105,-8.0,-105,-8.0,-115,-7.92,-107.83,-7.5,-8.0,-105,-115,37.3,209.0,-110,212.5,-103,212.5,-103,213.0,-105,213,-110,212.5,-113,212.08,-107.33,213.0,209.0,-103,-113,100,3,W,197
2018-04-18,away,Minnesota,Houston,1610612750,0041700142,60.6,575,594,575,540,475,600,556.8,600,475,52.0,10.5,-110,10.5,-101,10.5,-109,10.5,-105,10.5,-115,10.5,-107,10.5,-107.83,10.5,10.5,-101,-115,66.1,212.5,-110,216.0,-101,216.0,-105,216.5,-105,216,-115,216.0,-110,215.5,-107.67,216.5,212.5,-101,-115,82,-20,L,184
2018-04-18,home,Houston,Minnesota,1610612745,0041700142,39.4,-750,-735,-710,-715,-750,-800,-742.0,-710,-800,48.0,-10.5,-110,-10.5,-109,-10.5,-101,-10.5,-105,-10.5,-105,-10.5,-113,-10.5,-107.17,-10.5,-10.5,-101,-113,33.9,212.5,-110,216.0,-111,216.0,-105,216.5,-105,216,-105,216.0,-110,215.5,-107.67,216.5,212.5,-105,-111,102,20,W,184
2018-04-18,away,Utah,Oklahoma City,1610612762,0041700172,49.8,170,146,155,145,165,143,150.8,165,143,45.0,5.0,-110,3.5,-106,3.5,-104,3.5,-105,4.0,-110,3.5,-113,3.83,-108.0,5.0,3.5,-104,-113,58.3,207.0,-110,208.5,-105,208.5,-105,208.5,-105,208,-115,208.5,-110,208.17,-108.33,208.5,207.0,-105,-115,102,7,W,197
2018-04-18,home,Oklahoma City,Utah,1610612760,0041700172,50.2,-195,-162,-165,-165,-190,-163,-169.0,-162,-190,55.0,-5.0,-110,-3.5,-104,-3.5,-106,-3.5,-105,-4.0,-110,-3.5,-107,-3.83,-107.0,-3.5,-5.0,-104,-110,41.7,207.0,-110,208.5,-105,208.5,-105,208.5,-105,208,-105,208.5,-110,208.17,-106.67,208.5,207.0,-105,-110,95,-7,L,197
2018-04-19,away,Philadelphia,Miami,1610612755,0041700123,50.6,-135,-142,-140,-150,-160,-150,-148.4,-140,-160,58.5,1.0,-110,-2.5,-108,-2.5,-103,-3.0,-105,-3.0,-115,-2.5,-114,-2.08,-109.17,1.0,-3.0,-103,-115,47.5,216.0,-113,213.5,-107,213.5,-102,213.5,-105,214,-105,214.0,-104,214.08,-106.0,216.0,213.5,-102,-113,128,20,W,236
2018-04-19,home,Miami,Philadelphia,1610612748,0041700123,49.4,115,129,130,130,140,130,131.8,140,129,41.5,-1.0,-110,2.5,-102,2.5,-107,3.0,-105,3.0,-105,2.5,-106,2.08,-105.83,3.0,-1.0,-102,-110,52.5,216.0,-107,213.5,-103,213.5,-108,213.5,-105,214,-115,214.0,-116,214.08,-109.0,216.0,213.5,-103,-116,108,-20,L,236
2018-04-19,away,Golden State,San Antonio,1610612744,0041700153,52.5,-155,-149,-150,-160,-175,-155,-157.8,-149,-175,59.3,-3.5,-105,-3.0,-101,-3.0,-107,-3.0,-105,-4.0,-115,-3.0,-104,-3.25,-106.17,-3.0,-4.0,-101,-115,58.2,207.0,-110,205.0,-106,205.5,-103,205.5,-105,206,-105,206.0,-107,205.83,-106.0,207.0,205.0,-103,-110,110,13,W,207
2018-04-19,home,San Antonio,Golden State,1610612759,0041700153,47.5,135,135,140,140,155,135,141.0,155,135,40.7,3.5,-115,3.0,-109,3.0,-103,3.0,-105,4.0,-105,3.0,-116,3.25,-108.83,4.0,3.0,-103,-116,41.8,207.0,-110,205.0,-104,205.5,-107,205.5,-105,206,-115,206.0,-113,205.83,-109.0,207.0,205.0,-104,-115,97,-13,L,207
2018-04-19,away,Portland,New Orleans,1610612757,0041700163,52.8,140,143,145,145,140,135,141.6,145,135,46.7,3.0,-115,3.5,-107,3.5,-103,4.0,-105,4.0,-115,3.5,-113,3.58,-109.67,4.0,3.0,-103,-115,47.2,216.0,-110,215.5,-108,216.0,-102,216.0,-105,216,-110,215.5,-112,215.83,-107.83,216.0,215.5,-102,-112,102,-17,L,221
2018-04-19,home,New Orleans,Portland,1610612740,0041700163,47.2,-160,-158,-155,-165,-160,-155,-158.6,-155,-165,53.3,-3.0,-105,-3.5,-103,-3.5,-107,-4.0,-105,-4.0,-105,-3.5,-107,-3.58,-105.33,-3.0,-4.0,-103,-107,52.8,216.0,-110,215.5,-102,216.0,-108,216.0,-105,216,-110,215.5,-108,215.83,-107.17,216.0,215.5,-102,-110,119,17,W,221
2018-04-20,away,Toronto,Washington,1610612761,0041700103,60.7,105,-105,103,-105,-110,-110,-65.4,103,-110,57.0,1.0,-110,1.0,-110,1.0,-108,1.0,-105,0.0,-110,1.0,-115,0.83,-109.67,1.0,0.0,-105,-115,57.6,218.0,-110,217.5,-107,217.5,-105,217.5,-105,217,-115,217.5,-110,217.5,-108.67,218.0,217.0,-105,-115,103,-19,L,225
2018-04-20,home,Washington,Toronto,1610612764,0041700103,39.3,-125,-105,-113,-115,-110,-110,-110.6,-105,-115,43.0,-1.0,-110,-1.0,-100,-1.0,-102,-1.0,-105,0.0,-110,-1.0,-105,-0.83,-105.33,0.0,-1.0,-100,-110,42.4,218.0,-110,217.5,-103,217.5,-105,217.5,-105,217,-105,217.5,-110,217.5,-106.33,218.0,217.0,-103,-110,122,19,W,225
2018-04-20,away,Boston,Milwaukee,1610612738,0041700113,62.3,240,196,188,175,170,185,182.8,196,170,59.4,6.5,-110,5.0,-103,5.0,-102,5.0,-105,4.0,-105,5.0,-115,5.08,-106.67,6.5,4.0,-102,-115,64.1,203.0,-110,206.0,-105,205.5,-108,205.5,-105,206,-115,205.5,-110,205.25,-108.83,206.0,203.0,-105,-115,92,-24,L,208
2018-04-20,home,Milwaukee,Boston,1610612749,0041700113,37.7,-285,-219,-205,-205,-200,-215,-208.8,-200,-219,40.6,-6.5,-110,-5.0,-107,-5.0,-108,-5.0,-105,-4.0,-115,-5.0,-105,-5.08,-108.33,-4.0,-6.5,-105,-115,35.9,203.0,-110,206.0,-105,205.5,-102,205.5,-105,206,-105,205.5,-110,205.25,-106.17,206.0,203.0,-102,-110,116,24,W,208
2018-04-20,away,Cleveland,Indiana,1610612739,0041700133,51.1,100,111,108,110,-105,103,65.4,111,-105,47.3,2.0,-110,1.5,-101,1.5,-102,2.0,-105,1.0,-110,1.5,-106,1.58,-105.67,2.0,1.0,-101,-110,57.1,208.5,-110,209.0,-102,209.5,-101,209.5,-105,210,-110,209.5,-110,209.33,-106.33,210.0,208.5,-101,-110,90,-2,L,182
2018-04-20,home,Indiana,Cleveland,1610612754,0041700133,48.9,-120,-123,-118,-130,-115,-123,-121.8,-115,-130,52.7,-2.0,-110,-1.5,-111,-1.5,-108,-2.0,-105,-1.0,-110,-1.5,-114,-1.58,-109.67,-1.0,-2.0,-105,-114,42.9,208.5,-110,209.0,-108,209.5,-109,209.5,-105,210,-110,209.5,-110,209.33,-108.67,210.0,208.5,-105,-110,92,2,W,182
2018-04-21,away,Philadelphia,Miami,1610612755,0041700124,51.4,-155,-172,-165,-180,-190,-174,-176.2,-165,-190,61.0,-3.0,-110,-3.5,-108,-4.0,-101,-4.0,-105,-4.5,-110,-3.5,-115,-3.75,-108.17,-3.0,-4.5,-101,-115,55.2,217.0,-110,212.5,-106,212.5,-102,213.0,-105,214,-110,212.5,-110,213.58,-107.17,217.0,212.5,-102,-110,106,4,W,208
2018-04-21,home,Miami,Philadelphia,1610612748,0041700124,48.6,135,155,155,155,165,154,156.8,165,154,39.0,3.0,-110,3.5,-102,4.0,-109,4.0,-105,4.5,-110,3.5,-105,3.75,-106.83,4.5,3.0,-102,-110,44.8,217.0,-110,212.5,-104,212.5,-108,213.0,-105,214,-110,212.5,-110,213.58,-107.83,217.0,212.5,-104,-110,102,-4,L,208
2018-04-21,away,Houston,Minnesota,1610612745,0041700143,54.8,-165,-234,-235,-260,-255,-255,-247.8,-234,-260,59.1,-3.5,-110,-6.0,-100,-6.0,-102,-6.0,-105,-6.5,-110,-6.0,-110,-5.67,-106.17,-3.5,-6.5,-100,-110,59.4,213.0,-110,217.0,-105,217.0,-105,217.5,-105,218,-105,217.0,-110,216.58,-106.67,218.0,213.0,-105,-110,105,-16,L,226
2018-04-21,home,Minnesota,Houston,1610612750,0041700143,45.2,145,209,215,210,215,215,212.8,215,209,40.9,3.5,-110,6.0,-110,6.0,-108,6.0,-105,6.5,-110,6.0,-110,5.67,-108.83,6.5,3.5,-105,-110,40.6,213.0,-110,217.0,-105,217.0,-105,217.5,-105,218,-115,217.0,-110,216.58,-108.33,218.0,213.0,-105,-115,121,16,W,226
2018-04-21,away,Portland,New Orleans,1610612757,0041700164,55.1,220,239,235,240,220,225,231.8,240,220,47.8,6.0,-110,6.5,-100,6.5,-103,7.0,-105,7.0,-110,6.5,-110,6.58,-106.33,7.0,6.0,-100,-110,59.3,216.0,-110,217.0,-106,217.0,-108,217.5,-105,217,-115,217.0,-110,216.92,-109.0,217.5,216.0,-105,-115,123,-8,L,254
2018-04-21,home,New Orleans,Portland,1610612740,0041700164,44.9,-260,-270,-255,-290,-260,-265,-268.0,-255,-290,52.2,-6.0,-110,-6.5,-110,-6.5,-107,-7.0,-105,-7.0,-110,-6.5,-110,-6.58,-108.67,-6.0,-7.0,-105,-110,40.7,216.0,-110,217.0,-104,217.0,-102,217.5,-105,217,-105,217.0,-110,216.92,-106.0,217.5,216.0,-102,-110,131,8,W,254
2018-04-21,away,Oklahoma City,Utah,1610612760,0041700173,62.7,160,190,190,175,165,181,180.2,190,165,50.1,4.5,-110,5.0,-102,5.0,-103,5.0,-105,5.0,-115,5.0,-106,4.92,-106.83,5.0,4.5,-102,-115,52.0,207.0,-110,208.5,-107,209.0,-105,209.0,-105,209,-115,209.0,-117,208.58,-109.83,209.0,207.0,-105,-117,102,-13,L,217
2018-04-21,home,Utah,Oklahoma City,1610612762,0041700173,37.3,-180,-212,-210,-205,-190,-211,-205.6,-190,-212,49.9,-4.5,-110,-5.0,-108,-5.0,-107,-5.0,-105,-5.0,-105,-5.0,-114,-4.92,-108.17,-4.5,-5.0,-105,-114,48.0,207.0,-110,208.5,-103,209.0,-105,209.0,-105,209,-105,209.0,-103,208.58,-105.17,209.0,207.0,-103,-110,115,13,W,217
2018-04-22,away,Toronto,Washington,1610612761,0041700104,51.1,-123,-111,-120,-115,-125,-117,-117.6,-111,-125,53.0,0.0,-110,-1.5,-100,-1.5,-102,-1.0,-105,-2.0,-110,-1.5,-110,-1.25,-106.17,0.0,-2.0,-100,-110,59.0,218.5,-110,217.0,-102,217.0,-103,217.5,-105,218,-110,217.0,-110,217.5,-106.67,218.5,217.0,-102,-110,98,-8,L,204
2018-04-22,home,Washington,Toronto,1610612764,0041700104,48.9,103,101,110,-105,105,-103,21.6,110,-105,47.0,0.0,-110,1.5,-110,1.5,-108,1.0,-105,2.0,-110,1.5,-110,1.25,-108.83,2.0,0.0,-105,-110,41.0,218.5,-110,217.0,-108,217.0,-107,217.5,-105,218,-110,217.0,-110,217.5,-108.33,218.5,217.0,-105,-110,106,8,W,204
2018-04-22,away,Boston,Milwaukee,1610612738,0041700114,55.3,180,211,210,195,190,207,202.6,211,190,52.1,5.0,-110,6.0,-104,6.0,-108,6.0,-105,5.5,-105,6.0,-110,5.75,-107.0,6.0,5.0,-104,-110,58.9,206.5,-110,204.0,-103,203.5,-105,204.0,-105,205,-105,204.0,-105,204.5,-105.5,206.5,203.5,-103,-110,102,-2,L,206
2018-04-22,home,Milwaukee,Boston,1610612749,0041700114,44.7,-210,-237,-230,-230,-230,-247,-234.8,-230,-247,47.9,-5.0,-110,-6.0,-106,-6.0,-102,-6.0,-105,-5.5,-115,-6.0,-110,-5.75,-108.0,-5.0,-6.0,-102,-115,41.1,206.5,-110,204.0,-114,203.5,-105,204.0,-105,205,-115,204.0,-115,204.5,-110.67,206.5,203.5,-105,-115,104,2,W,206
2018-04-22,away,Cleveland,Indiana,1610612739,0041700134,64.0,-102,-123,-118,-135,-145,-135,-131.2,-118,-145,60.8,0.0,-110,-2.0,-102,-1.5,-107,-2.0,-105,-2.0,-115,-2.0,-112,-1.58,-108.5,0.0,-2.0,-102,-115,56.5,205.5,-110,206.5,-102,206.5,-103,207.0,-105,207,-110,206.5,-110,206.5,-106.67,207.0,205.5,-102,-110,104,4,W,204
2018-04-22,home,Indiana,Cleveland,1610612754,0041700134,36.0,-118,111,108,115,125,115,114.8,125,108,39.2,0.0,-110,2.0,-108,1.5,-103,2.0,-105,2.0,-105,2.0,-108,1.58,-106.5,2.0,0.0,-103,-110,43.5,205.5,-110,206.5,-108,206.5,-107,207.0,-105,207,-110,206.5,-110,206.5,-108.33,207.0,205.5,-105,-110,100,-4,L,204
2018-04-22,away,Golden State,San Antonio,1610612744,0041700154,59.6,-300,-267,-260,-280,-290,-280,-275.4,-260,-290,63.7,-6.5,-110,-5.5,-108,-6.0,-101,-6.0,-105,-7.0,-105,-5.5,-114,-6.08,-107.17,-5.5,-7.0,-101,-114,66.6,203.5,-110,206.5,-101,206.5,-101,207.0,-105,208,-105,206.5,-110,206.33,-105.33,208.0,203.5,-101,-110,90,-13,L,193
2018-04-22,home,San Antonio,Golden State,1610612759,0041700154,40.4,250,237,240,230,245,235,237.4,245,230,36.3,6.5,-110,5.5,-102,6.0,-109,6.0,-105,7.0,-115,5.5,-106,6.08,-107.83,7.0,5.5,-102,-115,33.4,203.5,-110,206.5,-109,206.5,-109,207.0,-105,208,-115,206.5,-110,206.33,-109.67,208.0,203.5,-105,-115,103,13,W,193
2018-04-23,away,Houston,Minnesota,1610612745,0041700144,54.9,-250,-244,-235,-260,-265,-245,-249.8,-235,-265,53.7,-5.5,-110,-5.5,-108,-6.0,-101,-6.0,-105,-6.0,-115,-6.0,-104,-5.83,-107.17,-5.5,-6.0,-101,-115,52.6,219.0,-110,217.0,-101,217.0,-102,217.5,-105,217,-115,217.0,-110,217.42,-107.17,219.0,217.0,-101,-115,119,19,W,219
2018-04-23,home,Minnesota,Houston,1610612750,0041700144,45.1,210,218,215,210,225,205,214.6,225,205,46.3,5.5,-110,5.5,-102,6.0,-109,6.0,-105,6.0,-105,6.0,-116,5.83,-107.83,6.0,5.5,-102,-116,47.4,219.0,-110,217.0,-111,217.0,-108,217.5,-105,217,-105,217.0,-110,217.42,-108.17,219.0,217.0,-105,-111,100,-19,L,219
2018-04-23,away,Oklahoma City,Utah,1610612760,0041700174,67.9,215,166,170,160,155,163,162.8,170,155,57.9,6.0,-110,5.0,-107,5.0,-109,4.5,-105,4.5,-110,5.0,-109,5.0,-108.33,6.0,4.5,-105,-110,49.8,210.5,-110,208.0,-105,208.0,-107,208.0,-105,208,-115,208.0,-113,208.42,-109.17,210.5,208.0,-105,-115,96,-17,L,209
2018-04-23,home,Utah,Oklahoma City,1610612762,0041700174,32.1,-255,-184,-185,-185,-180,-183,-183.4,-180,-185,42.1,-6.0,-110,-5.0,-103,-5.0,-101,-4.5,-105,-4.5,-110,-5.0,-111,-5.0,-106.67,-4.5,-6.0,-101,-111,50.2,210.5,-110,208.0,-105,208.0,-103,208.0,-105,208,-105,208.0,-107,208.42,-105.83,210.5,208.0,-103,-110,113,17,W,209
2018-04-24,away,Milwaukee,Boston,1610612749,0041700115,44.8,125,173,175,170,165,170,170.6,175,165,43.4,3.0,-110,4.5,-105,4.5,-105,4.5,-105,4.5,-110,4.5,-109,4.25,-107.33,4.5,3.0,-105,-110,61.2,204.0,-110,202.5,-102,202.5,-105,203.0,-105,203,-110,202.5,-110,202.92,-107.0,204.0,202.5,-102,-110,87,-5,L,179
2018-04-24,home,Boston,Milwaukee,1610612738,0041700115,55.2,-145,-192,-190,-195,-190,-195,-192.4,-190,-195,56.6,-3.0,-110,-4.5,-105,-4.5,-105,-4.5,-105,-4.5,-110,-4.5,-111,-4.25,-107.67,-3.0,-4.5,-105,-111,38.8,204.0,-110,202.5,-108,202.5,-105,203.0,-105,203,-110,202.5,-110,202.92,-108.0,204.0,202.5,-105,-110,92,5,W,179
2018-04-24,away,Miami,Philadelphia,1610612748,0041700125,62.3,485,461,480,505,425,470,468.2,505,425,44.7,10.0,-110,10.0,-106,10.0,-102,10.5,-105,10.5,-115,10.0,-111,10.17,-108.17,10.5,10.0,-102,-115,63.7,211.5,-110,215.5,-103,215.5,-102,216.0,-105,216,-110,215.5,-110,215.0,-106.67,216.0,211.5,-102,-110,91,-13,L,195
2018-04-24,home,Philadelphia,Miami,1610612755,0041700125,37.7,-610,-550,-570,-655,-650,-575,-600.0,-550,-655,55.3,-10.0,-110,-10.0,-104,-10.0,-108,-10.5,-105,-10.5,-105,-10.0,-109,-10.17,-106.83,-10.0,-10.5,-104,-110,36.3,211.5,-110,215.5,-114,215.5,-108,216.0,-105,216,-110,215.5,-110,215.0,-109.5,216.0,211.5,-105,-114,104,13,W,195
2018-04-24,away,San Antonio,Golden State,1610612759,0041700155,53.6,600,625,635,670,600,630,632.0,670,600,37.4,11.0,-110,11.0,-107,11.0,-103,11.5,-105,11.5,-110,11.0,-106,11.17,-106.83,11.5,11.0,-103,-110,66.8,204.5,-110,204.5,-105,204.5,-103,205.0,-105,205,-110,204.5,-110,204.67,-107.17,205.0,204.5,-103,-110,91,-8,L,190
2018-04-24,home,Golden State,San Antonio,1610612744,0041700155,46.4,-800,-781,-800,-920,-1000,-830,-866.2,-781,-1000,62.6,-11.0,-110,-11.0,-103,-11.0,-107,-11.5,-105,-11.5,-110,-11.0,-114,-11.17,-108.17,-11.0,-11.5,-103,-114,33.2,204.5,-110,204.5,-105,204.5,-107,205.0,-105,205,-110,204.5,-110,204.67,-107.83,205.0,204.5,-105,-110,99,8,W,190
2018-04-25,away,Washington,Toronto,1610612764,0041700105,47.5,260,256,265,265,265,260,262.2,265,256,47.7,7.0,-110,7.0,-102,7.0,-101,7.0,-105,7.5,-115,7.0,-112,7.08,-107.5,7.5,7.0,-101,-115,61.9,214.5,-110,216.0,-105,216.0,-108,216.5,-105,216,-115,216.0,-110,215.83,-108.83,216.5,214.5,-105,-115,98,-10,L,206
2018-04-25,home,Toronto,Washington,1610612761,0041700105,52.5,-310,-290,-295,-325,-330,-310,-310.0,-290,-330,52.3,-7.0,-110,-7.0,-108,-7.0,-109,-7.0,-105,-7.5,-105,-7.0,-108,-7.08,-107.5,-7.0,-7.5,-105,-110,38.1,214.5,-110,216.0,-105,216.0,-102,216.5,-105,216,-105,216.0,-110,215.83,-106.17,216.5,214.5,-102,-110,108,10,W,206
2018-04-25,away,Indiana,Cleveland,1610612754,0041700135,49.2,260,244,275,250,525,260,310.8,525,244,56.3,6.5,-110,6.5,-106,6.5,-108,6.5,-105,6.0,-105,6.5,-113,6.42,-107.83,6.5,6.0,-105,-113,51.5,205.0,-110,205.5,-110,206.0,-102,206.0,-105,206,-110,205.5,-110,205.67,-107.83,206.0,205.0,-102,-110,95,-3,L,193
2018-04-25,home,Cleveland,Indiana,1610612739,0041700135,50.8,-310,-275,-305,-310,-850,-310,-410.0,-275,-850,43.7,-6.5,-110,-6.5,-104,-6.5,-102,-6.5,-105,-6.0,-115,-6.5,-107,-6.42,-107.17,-6.0,-6.5,-102,-115,48.5,205.0,-110,205.5,-100,206.0,-108,206.0,-105,206,-110,205.5,-110,205.67,-107.17,206.0,205.0,-100,-110,98,3,W,193
2018-04-25,away,Minnesota,Houston,1610612750,0041700145,52.0,725,799,750,790,700,825,772.8,825,700,45.9,11.5,-110,12.5,-108,12.0,-101,12.5,-105,12.0,-105,12.0,-108,12.08,-106.17,12.5,11.5,-101,-110,49.3,219.0,-110,217.0,-104,217.0,-105,217.0,-105,217,-115,217.5,-110,217.42,-108.17,219.0,217.0,-104,-115,104,-18,L,226
2018-04-25,home,Houston,Minnesota,1610612745,0041700145,48.0,-1000,-1051,-950,-1090,-1200,-1200,-1098.2,-950,-1200,54.1,-11.5,-110,-12.5,-102,-12.0,-109,-12.5,-105,-12.0,-115,-12.0,-112,-12.08,-108.83,-11.5,-12.5,-102,-115,50.7,219.0,-110,217.0,-106,217.0,-105,217.0,-105,217,-105,217.5,-110,217.42,-106.83,219.0,217.0,-105,-110,122,18,W,226
2018-04-25,away,Utah,Oklahoma City,1610612762,0041700175,46.4,136,127,130,130,130,135,130.4,135,127,47.9,3.0,-110,2.5,-105,2.5,-109,2.5,-105,3.0,-110,2.5,-110,2.67,-108.17,3.0,2.5,-105,-110,51.4,208.0,-110,207.5,-111,207.5,-108,208.0,-105,208,-110,207.5,-115,207.75,-109.83,208.0,207.5,-105,-115,99,-8,L,206
2018-04-25,home,Oklahoma City,Utah,1610612760,0041700175,53.6,-156,-140,-140,-150,-150,-155,-147.0,-140,-155,52.1,-3.0,-110,-2.5,-105,-2.5,-101,-2.5,-105,-3.0,-110,-2.5,-110,-2.67,-106.83,-2.5,-3.0,-101,-110,48.6,208.0,-110,207.5,-101,207.5,-102,208.0,-105,208,-110,207.5,-105,207.75,-105.5,208.0,207.5,-101,-110,107,8,W,206
2018-04-26,away,Boston,Milwaukee,1610612738,0041700116,57.0,175,170,175,175,160,160,168.0,175,160,54.4,5.0,-110,4.5,-106,4.5,-101,5.0,-105,4.5,-115,4.5,-107,4.67,-107.33,5.0,4.5,-101,-115,60.9,200.0,-110,201.5,-105,201.5,-102,201.5,-105,202,-105,201.0,-113,201.25,-106.67,202.0,200.0,-102,-113,86,-11,L,183
2018-04-26,home,Milwaukee,Boston,1610612749,0041700116,43.0,-205,-189,-190,-205,-190,-180,-190.8,-180,-205,45.6,-5.0,-110,-4.5,-104,-4.5,-109,-5.0,-105,-4.5,-105,-4.5,-113,-4.67,-107.67,-4.5,-5.0,-104,-113,39.1,200.0,-110,201.5,-116,201.5,-108,201.5,-105,202,-115,201.0,-107,201.25,-110.17,202.0,200.0,-105,-116,97,11,W,183
2018-04-27,away,Toronto,Washington,1610612761,0041700106,54.6,110,-128,-127,-135,-140,-136,-133.2,-127,-140,52.9,1.0,-110,-2.0,-106,-2.0,-107,-2.5,-105,-2.0,-110,-2.0,-112,-1.58,-108.33,1.0,-2.5,-105,-112,50.3,214.5,-110,214.5,-106,214.5,-105,215.0,-105,215,-110,214.5,-110,214.67,-107.67,215.0,214.5,-105,-110,102,10,W,194
2018-04-27,home,Washington,Toronto,1610612764,0041700106,45.4,-130,116,117,115,120,116,116.8,120,115,47.1,-1.0,-110,2.0,-104,2.0,-103,2.5,-105,2.0,-110,2.0,-108,1.58,-106.67,2.5,-1.0,-103,-110,49.7,214.5,-110,214.5,-104,214.5,-105,215.0,-105,215,-110,214.5,-110,214.67,-107.33,215.0,214.5,-104,-110,92,-10,L,194
2018-04-27,away,Cleveland,Indiana,1610612739,0041700136,52.9,105,114,115,110,100,107,109.2,115,100,49.6,1.5,-110,1.5,-103,2.0,-107,2.0,-105,1.5,-110,1.5,-100,1.67,-105.83,2.0,1.5,-100,-110,49.1,204.0,-110,202.0,-100,201.5,-109,201.5,-105,202,-110,202.0,-106,202.17,-106.67,204.0,201.5,-100,-110,87,-34,L,208
2018-04-27,home,Indiana,Cleveland,1610612754,0041700136,47.1,-125,-126,-125,-130,-120,-127,-125.6,-120,-130,50.4,-1.5,-110,-1.5,-114,-2.0,-103,-2.0,-105,-1.5,-110,-1.5,-120,-1.67,-110.33,-1.5,-2.0,-103,-120,50.9,204.0,-110,202.0,-110,201.5,-101,201.5,-105,202,-110,202.0,-114,202.17,-108.33,204.0,201.5,-101,-114,121,34,W,208
2018-04-27,away,Oklahoma City,Utah,1610612760,0041700176,58.7,200,233,245,250,230,230,237.6,250,230,49.4,5.5,-105,6.5,-101,7.0,-109,7.0,-105,6.5,-105,7.0,-114,6.58,-106.5,7.0,5.5,-101,-114,54.3,206.0,-110,207.0,-101,207.0,-108,207.5,-105,208,-105,207.0,-112,207.08,-106.83,208.0,206.0,-101,-112,91,-5,L,187
2018-04-27,home,Utah,Oklahoma City,1610612762,0041700176,41.3,-240,-262,-265,-310,-270,-275,-276.4,-262,-310,50.6,-5.5,-115,-6.5,-109,-7.0,-101,-7.0,-105,-6.5,-115,-7.0,-106,-6.58,-108.5,-5.5,-7.0,-101,-115,45.7,206.0,-110,207.0,-109,207.0,-102,207.5,-105,208,-115,207.0,-108,207.08,-108.17,208.0,206.0,-102,-115,96,5,W,187
2018-04-28,away,Milwaukee,Boston,1610612749,0041700117,50.9,170,180,175,180,170,190,179.0,190,170,50.8,4.5,-110,5.0,-105,4.5,-102,5.0,-105,4.5,-105,5.0,-110,4.75,-106.17,5.0,4.5,-102,-110,51.1,196.5,-110,196.0,-109,196.0,-107,196.0,-105,196,-110,195.0,-110,195.92,-108.5,196.5,195.0,-105,-110,96,-16,L,208
2018-04-28,home,Boston,Milwaukee,1610612738,0041700117,49.1,-195,-200,-190,-210,-200,-220,-204.0,-190,-220,49.2,-4.5,-110,-5.0,-105,-4.5,-108,-5.0,-105,-4.5,-115,-5.0,-110,-4.75,-108.83,-4.5,-5.0,-105,-115,48.9,196.5,-110,196.0,-120,196.0,-103,196.0,-105,196,-110,195.0,-110,195.92,-109.67,196.5,195.0,-103,-120,112,16,W,208
2018-04-28,away,New Orleans,Golden State,1610612740,0041700231,64.0,290,269,280,275,270,285,275.8,285,269,58.6,7.5,-110,7.5,-113,7.5,-108,7.0,-105,7.5,-115,7.5,-112,7.42,-110.5,7.5,7.0,-105,-115,56.8,222.0,-110,223.5,-109,223.5,-105,223.5,-105,224,-110,223.0,-110,223.25,-108.17,224.0,222.0,-105,-110,101,-22,L,224
2018-04-28,home,Golden State,New Orleans,1610612744,0041700231,36.0,-350,-305,-310,-345,-340,-340,-328.0,-305,-345,41.4,-7.5,-110,-7.5,-102,-7.5,-102,-7.0,-105,-7.5,-105,-7.5,-108,-7.42,-105.33,-7.0,-7.5,-102,-110,43.2,222.0,-110,223.5,-101,223.5,-105,223.5,-105,224,-110,223.0,-110,223.25,-106.83,224.0,222.0,-101,-110,123,22,W,224
2018-04-29,away,Indiana,Cleveland,1610612754,0041700137,52.4,210,210,220,200,210,225,213.0,225,200,58.3,5.5,-110,5.5,-105,5.5,-105,5.0,-105,5.0,-105,5.5,-113,5.33,-107.17,5.5,5.0,-105,-113,54.0,200.0,-110,200.5,-109,200.5,-105,200.5,-105,201,-105,200.5,-112,200.5,-107.67,201.0,200.0,-105,-112,101,-4,L,206
2018-04-29,home,Cleveland,Indiana,1610612739,0041700137,47.6,-250,-235,-240,-235,-250,-265,-245.0,-235,-265,41.7,-5.5,-110,-5.5,-105,-5.5,-105,-5.0,-105,-5.0,-115,-5.5,-107,-5.33,-107.83,-5.0,-5.5,-105,-115,46.0,200.0,-110,200.5,-101,200.5,-105,200.5,-105,201,-115,200.5,-108,200.5,-107.33,201.0,200.0,-101,-115,105,4,W,206
2018-04-29,away,Utah,Houston,1610612762,0041700221,61.5,485,687,700,640,650,665,668.4,700,640,51.6,10.0,-110,11.5,-107,11.5,-107,11.5,-105,11.5,-110,11.5,-113,11.25,-108.67,11.5,10.0,-105,-113,63.0,205.0,-110,206.5,-101,206.5,-102,207.0,-105,207,-110,206.0,-105,206.33,-105.5,207.0,205.0,-101,-110,96,-14,L,206
2018-04-29,home,Houston,Utah,1610612745,0041700221,38.5,-610,-874,-900,-890,-1100,-880,-928.8,-874,-1100,48.4,-10.0,-110,-11.5,-103,-11.5,-103,-11.5,-105,-11.5,-110,-11.5,-107,-11.25,-106.33,-10.0,-11.5,-103,-110,37.0,205.0,-110,206.5,-111,206.5,-108,207.0,-105,207,-110,206.0,-115,206.33,-109.83,207.0,205.0,-105,-115,110,14,W,206
2018-04-30,away,Philadelphia,Boston,1610612755,0041700211,57.2,-140,-201,-205,-215,-225,-190,-207.2,-190,-225,58.7,-2.5,-110,-4.5,-110,-5.0,-101,-5.0,-105,-5.0,-110,-5.0,-110,-4.5,-107.67,-2.5,-5.0,-101,-110,53.9,209.0,-105,205.0,-105,205.0,-108,205.5,-105,206,-105,205.0,-107,205.92,-105.83,209.0,205.0,-105,-108,101,-16,L,218
2018-04-30,home,Boston,Philadelphia,1610612738,0041700211,42.8,120,180,188,185,185,165,180.6,188,165,41.3,2.5,-110,4.5,-100,5.0,-109,5.0,-105,5.0,-110,5.0,-110,4.5,-107.33,5.0,2.5,-100,-110,46.1,209.0,-115,205.0,-105,205.0,-102,205.5,-105,206,-115,205.0,-113,205.92,-109.17,209.0,205.0,-102,-115,117,16,W,218
2018-05-01,away,Cleveland,Toronto,1610612739,0041700201,57.4,215,246,245,240,220,225,235.2,246,220,50.0,6.0,-110,7.0,-104,7.0,-105,7.0,-105,7.0,-110,7.0,-113,6.83,-107.83,7.0,6.0,-104,-113,50.4,218.0,-107,213.5,-105,213.5,-107,213.0,-105,214,-110,213.5,-110,214.25,-107.33,218.0,213.0,-105,-110,113,1,W,225
2018-05-01,home,Toronto,Cleveland,1610612761,0041700201,42.6,-255,-278,-265,-290,-260,-265,-271.6,-260,-290,50.0,-6.0,-110,-7.0,-106,-7.0,-105,-7.0,-105,-7.0,-110,-7.0,-107,-6.83,-107.17,-6.0,-7.0,-105,-110,49.6,218.0,-113,213.5,-105,213.5,-103,213.0,-105,214,-110,213.5,-110,214.25,-107.67,218.0,213.0,-103,-113,112,-1,L,225
2018-05-01,away,New Orleans,Golden State,1610612740,0041700232,58.4,600,577,600,585,525,580,573.4,600,525,48.6,10.5,-110,11.0,-104,11.0,-108,11.0,-105,11.0,-110,11.0,-112,10.92,-108.17,11.0,10.5,-104,-112,51.2,226.5,-110,229.0,-101,229.0,-103,229.5,-105,229,-115,229.5,-105,228.75,-106.5,229.5,226.5,-101,-115,116,-5,L,237
2018-05-01,home,Golden State,New Orleans,1610612744,0041700232,41.6,-800,-711,-750,-785,-850,-755,-770.2,-711,-850,51.4,-10.5,-110,-11.0,-106,-11.0,-102,-11.0,-105,-11.0,-110,-11.0,-108,-10.92,-106.83,-10.5,-11.0,-102,-110,48.8,226.5,-110,229.0,-109,229.0,-107,229.5,-105,229,-105,229.5,-115,228.75,-108.5,229.5,226.5,-105,-115,121,5,W,237
2018-05-02,away,Utah,Houston,1610612762,0041700222,60.7,610,654,660,585,550,725,634.8,725,550,42.6,12.5,-110,10.5,-107,10.5,-102,10.5,-105,11.0,-115,10.5,-111,10.92,-108.33,12.5,10.5,-102,-115,62.1,206.0,-110,205.0,-100,205.0,-105,205.5,-105,207,-105,205.0,-110,205.58,-105.83,207.0,205.0,-100,-110,116,8,W,224
2018-05-02,home,Houston,Utah,1610612745,0041700222,39.3,-810,-824,-840,-785,-900,-1025,-874.8,-785,-1025,57.4,-12.5,-110,-10.5,-103,-10.5,-108,-10.5,-105,-11.0,-105,-10.5,-109,-10.92,-106.67,-10.5,-12.5,-103,-110,37.9,206.0,-110,205.0,-110,205.0,-105,205.5,-105,207,-115,205.0,-110,205.58,-109.17,207.0,205.0,-105,-115,108,-8,L,224
2018-05-03,away,Cleveland,Toronto,1610612739,0041700202,55.0,215,267,260,250,245,255,255.4,267,245,53.5,6.0,-110,7.0,-105,7.0,-107,7.0,-105,6.5,-105,7.0,-114,6.75,-107.67,7.0,6.0,-105,-114,58.7,212.5,-110,213.5,-110,213.5,-105,213.5,-105,213,-115,213.5,-115,213.25,-110.0,213.5,212.5,-105,-115,128,18,W,238
2018-05-03,home,Toronto,Cleveland,1610612761,0041700202,45.0,-255,-303,-290,-310,-290,-305,-299.6,-290,-310,46.5,-6.0,-110,-7.0,-105,-7.0,-103,-7.0,-105,-6.5,-115,-7.0,-106,-6.75,-107.33,-6.0,-7.0,-103,-115,41.3,212.5,-110,213.5,-100,213.5,-105,213.5,-105,213,-105,213.5,-105,213.25,-105.0,213.5,212.5,-100,-110,110,-18,L,238
2018-05-03,away,Philadelphia,Boston,1610612755,0041700212,47.6,-160,-163,-165,-170,-170,-165,-166.6,-163,-170,52.8,-3.5,-110,-3.5,-107,-3.5,-107,-4.0,-105,-4.0,-110,-3.5,-112,-3.67,-108.5,-3.5,-4.0,-105,-112,62.2,207.0,-110,206.5,-103,206.0,-105,207.0,-105,207,-110,206.5,-108,206.67,-106.83,207.0,206.0,-103,-110,103,-5,L,211
2018-05-03,home,Boston,Philadelphia,1610612738,0041700212,52.4,140,147,155,150,150,145,149.4,155,145,47.2,3.5,-110,3.5,-103,3.5,-103,4.0,-105,4.0,-110,3.5,-108,3.67,-106.5,4.0,3.5,-103,-110,37.8,207.0,-110,206.5,-107,206.0,-105,207.0,-105,207,-110,206.5,-112,206.67,-108.17,207.0,206.0,-105,-112,108,5,W,211
2018-05-04,away,Houston,Utah,1610612745,0041700223,45.4,-178,-196,-190,-200,-200,-195,-196.2,-190,-200,51.4,-4.5,-105,-4.5,-111,-4.5,-108,-4.5,-105,-5.0,-110,-4.5,-116,-4.58,-109.17,-4.5,-5.0,-105,-116,64.5,207.0,-110,210.0,-100,209.5,-107,210.0,-105,211,-105,209.5,-115,209.5,-107.0,211.0,207.0,-100,-115,113,21,W,205
2018-05-04,home,Utah,Houston,1610612762,0041700223,54.6,158,176,175,170,170,170,172.2,176,170,48.6,4.5,-115,4.5,-101,4.5,-102,4.5,-105,5.0,-110,4.5,-104,4.58,-106.17,5.0,4.5,-101,-115,35.5,207.0,-110,210.0,-110,209.5,-103,210.0,-105,211,-115,209.5,-105,209.5,-108.0,211.0,207.0,-103,-115,92,-21,L,205
2018-05-04,away,Golden State,New Orleans,1610612744,0041700233,44.8,-180,-210,-210,-200,-220,-215,-211.0,-200,-220,50.9,-4.5,-110,-4.5,-111,-5.0,-105,-4.5,-105,-5.5,-105,-4.5,-118,-4.75,-109.0,-4.5,-5.5,-105,-118,52.2,230.5,-110,233.5,-103,233.5,-107,233.5,-105,233,-115,234.0,-105,233.0,-107.5,234.0,230.5,-103,-115,100,-19,L,219
2018-05-04,home,New Orleans,Golden State,1610612740,0041700233,55.2,160,188,190,170,180,185,182.6,190,170,49.1,4.5,-110,4.5,-101,5.0,-105,4.5,-105,5.5,-115,4.5,-102,4.75,-106.33,5.5,4.5,-101,-115,47.8,230.5,-110,233.5,-107,233.5,-103,233.5,-105,233,-105,234.0,-115,233.0,-107.5,234.0,230.5,-103,-115,119,19,W,219
2018-05-05,away,Toronto,Cleveland,1610612761,0041700203,54.4,170,170,173,170,165,170,169.6,173,165,45.7,3.5,-110,4.5,-107,4.5,-108,4.5,-105,4.5,-105,4.5,-110,4.33,-107.5,4.5,3.5,-105,-110,55.5,217.0,-110,214.5,-102,214.5,-101,215.0,-105,215,-110,214.5,-105,215.08,-105.5,217.0,214.5,-101,-110,103,-2,L,208
2018-05-05,home,Cleveland,Toronto,1610612739,0041700203,45.6,-195,-189,-188,-200,-190,-195,-192.4,-188,-200,54.3,-3.5,-110,-4.5,-103,-4.5,-102,-4.5,-105,-4.5,-115,-4.5,-110,-4.33,-107.5,-3.5,-4.5,-102,-115,44.5,217.0,-110,214.5,-113,214.5,-109,215.0,-105,215,-110,214.5,-115,215.08,-110.33,217.0,214.5,-105,-115,105,2,W,208
2018-05-05,away,Boston,Philadelphia,1610612738,0041700213,58.6,420,450,420,380,340,405,399.0,450,340,54.2,9.5,-110,9.5,-102,9.5,-107,9.5,-105,9.0,-115,9.0,-104,9.33,-107.17,9.5,9.0,-102,-115,59.4,207.5,-110,206.5,-103,206.0,-107,207.0,-105,207,-110,206.0,-110,206.67,-107.5,207.5,206.0,-103,-110,101,3,W,199
2018-05-05,home,Philadelphia,Boston,1610612755,0041700213,41.4,-515,-535,-475,-505,-480,-500,-499.0,-475,-535,45.8,-9.5,-110,-9.5,-106,-9.5,-103,-9.5,-105,-9.0,-105,-9.0,-116,-9.33,-107.5,-9.0,-9.5,-103,-116,40.6,207.5,-110,206.5,-107,206.0,-103,207.0,-105,207,-110,206.0,-110,206.67,-107.5,207.5,206.0,-103,-110,98,-3,L,199
2018-05-06,away,Houston,Utah,1610612745,0041700224,46.9,-215,-253,-255,-275,-280,-265,-265.6,-253,-280,54.1,-5.0,-110,-6.0,-103,-6.0,-102,-6.0,-105,-6.5,-110,-6.0,-110,-5.92,-106.67,-5.0,-6.5,-102,-110,60.0,208.5,-110,211.0,-104,211.0,-105,211.0,-105,211,-110,210.5,-110,210.5,-107.33,211.0,208.5,-104,-110,100,13,W,187
2018-05-06,home,Utah,Houston,1610612762,0041700224,53.1,185,225,235,225,240,225,230.0,240,225,45.9,5.0,-110,6.0,-107,6.0,-108,6.0,-105,6.5,-110,6.0,-110,5.92,-108.33,6.5,5.0,-105,-110,40.0,208.5,-110,211.0,-106,211.0,-105,211.0,-105,211,-110,210.5,-110,210.5,-107.67,211.0,208.5,-105,-110,87,-13,L,187
2018-05-06,away,Golden State,New Orleans,1610612744,0041700234,45.0,-210,-248,-245,-260,-255,-247,-251.0,-245,-260,52.1,-4.5,-110,-6.0,-107,-6.0,-105,-5.5,-105,-6.0,-115,-6.0,-100,-5.67,-107.0,-4.5,-6.0,-100,-115,51.8,232.0,-110,231.0,-103,231.5,-108,232.0,-105,231,-110,231.5,-107,231.5,-107.17,232.0,231.0,-103,-110,118,26,W,210
2018-05-06,home,New Orleans,Golden State,1610612740,0041700234,55.0,180,221,225,210,215,207,215.6,225,207,47.9,4.5,-110,6.0,-103,6.0,-105,5.5,-105,6.0,-105,6.0,-120,5.67,-108.0,6.0,4.5,-103,-120,48.2,232.0,-110,231.0,-107,231.5,-102,232.0,-105,231,-110,231.5,-113,231.5,-107.83,232.0,231.0,-102,-113,92,-26,L,210
2018-05-07,away,Toronto,Cleveland,1610612761,0041700204,52.3,205,184,185,180,180,185,182.8,185,180,49.4,5.5,-110,5.0,-106,5.0,-105,5.0,-105,5.5,-110,5.0,-115,5.17,-108.5,5.5,5.0,-105,-115,57.0,213.0,-110,213.5,-100,213.5,-102,213.5,-105,213,-115,213.0,-110,213.25,-107.0,213.5,213.0,-100,-115,93,-35,L,221
2018-05-07,home,Cleveland,Toronto,1610612739,0041700204,47.7,-245,-205,-200,-210,-220,-215,-210.0,-200,-220,50.6,-5.5,-110,-5.0,-104,-5.0,-105,-5.0,-105,-5.5,-110,-5.0,-105,-5.17,-106.5,-5.0,-5.5,-104,-110,43.0,213.0,-110,213.5,-110,213.5,-108,213.5,-105,213,-105,213.0,-110,213.25,-108.0,213.5,213.0,-105,-110,128,35,W,221
2018-05-07,away,Boston,Philadelphia,1610612738,0041700214,65.2,230,282,280,245,245,265,263.4,282,245,57.8,7.0,-110,7.0,-104,7.0,-102,7.0,-105,6.0,-105,7.0,-110,6.83,-106.0,7.0,6.0,-102,-110,62.3,204.5,-110,206.5,-102,206.5,-105,206.5,-105,207,-105,206.5,-110,206.25,-106.17,207.0,204.5,-102,-110,92,-11,L,195
2018-05-07,home,Philadelphia,Boston,1610612755,0041700214,34.8,-275,-321,-310,-305,-290,-315,-308.2,-290,-321,42.2,-7.0,-110,-7.0,-106,-7.0,-108,-7.0,-105,-6.0,-115,-7.0,-110,-6.83,-109.0,-6.0,-7.0,-105,-115,37.7,204.5,-110,206.5,-108,206.5,-105,206.5,-105,207,-115,206.5,-110,206.25,-108.83,207.0,204.5,-105,-115,103,11,W,195
2018-05-08,away,Utah,Houston,1610612762,0041700225,63.4,725,688,725,700,600,700,682.6,725,600,45.5,13.0,-110,11.5,-108,12.0,-108,12.0,-105,12.0,-110,11.5,-110,12.0,-108.5,13.0,11.5,-105,-110,56.9,210.0,-110,207.5,-109,207.5,-105,209.0,-105,209,-105,208.0,-110,208.5,-107.33,210.0,207.5,-105,-110,102,-10,L,214
2018-05-08,home,Houston,Utah,1610612745,0041700225,36.6,-1000,-875,-925,-950,-1000,-950,-940.0,-875,-1000,54.5,-13.0,-110,-11.5,-102,-12.0,-102,-12.0,-105,-12.0,-110,-11.5,-110,-12.0,-106.5,-11.5,-13.0,-102,-110,43.1,210.0,-110,207.5,-101,207.5,-105,209.0,-105,209,-115,208.0,-110,208.5,-107.67,210.0,207.5,-101,-115,112,10,W,214
2018-05-08,away,New Orleans,Golden State,1610612740,0041700235,63.2,675,719,760,680,650,660,693.8,760,650,46.7,12.5,-110,12.0,-103,12.0,-105,12.0,-105,12.0,-110,12.0,-110,12.08,-107.17,12.5,12.0,-103,-110,49.1,229.0,-110,229.5,-109,230.0,-102,230.5,-105,229,-115,230.0,-110,229.67,-108.5,230.5,229.0,-102,-115,104,-9,L,217
2018-05-08,home,Golden State,New Orleans,1610612744,0041700235,36.8,-900,-923,-960,-930,-1100,-875,-957.6,-875,-1100,53.3,-12.5,-110,-12.0,-107,-12.0,-105,-12.0,-105,-12.0,-110,-12.0,-110,-12.08,-107.83,-12.0,-12.5,-105,-110,50.9,229.0,-110,229.5,-101,230.0,-108,230.5,-105,229,-105,230.0,-110,229.67,-106.5,230.5,229.0,-101,-110,113,9,W,217
2018-05-09,away,Philadelphia,Boston,1610612755,0041700215,40.4,-125,103,102,105,115,105,106.0,115,102,40.2,-1.0,-110,1.5,-106,1.0,-101,1.5,-105,2.0,-115,1.5,-110,1.08,-107.83,2.0,-1.0,-101,-115,58.1,205.0,-110,204.5,-106,204.5,-101,204.5,-105,206,-105,204.5,-110,204.83,-106.17,206.0,204.5,-101,-110,112,-2,L,226
2018-05-09,home,Boston,Philadelphia,1610612738,0041700215,59.6,105,-113,-112,-125,-135,-125,-122.0,-112,-135,59.8,1.0,-110,-1.5,-104,-1.0,-109,-1.5,-105,-2.0,-105,-1.5,-110,-1.08,-107.17,1.0,-2.0,-104,-110,41.9,205.0,-110,204.5,-104,204.5,-109,204.5,-105,206,-115,204.5,-110,204.83,-108.83,206.0,204.5,-104,-115,114,2,W,226
2018-05-13,away,Cleveland,Boston,1610612739,0041700301,52.5,-115,-107,-112,-120,-120,-115,-114.8,-107,-120,50.9,0.0,-105,-1.0,-102,-1.0,-102,-1.0,-105,-1.5,-105,-1.0,-105,-0.92,-104.0,0.0,-1.5,-102,-105,63.8,204.0,-110,204.5,-103,204.0,-105,204.5,-105,205,-110,204.5,-108,204.42,-106.83,205.0,204.0,-103,-110,83,-25,L,191
2018-05-13,home,Boston,Cleveland,1610612738,0041700301,47.5,-105,-103,102,100,100,-105,18.8,102,-105,49.1,0.0,-115,1.0,-108,1.0,-108,1.0,-105,1.5,-115,1.0,-115,0.92,-111.0,1.5,0.0,-105,-115,36.2,204.0,-110,204.5,-107,204.0,-105,204.5,-105,205,-110,204.5,-112,204.42,-108.17,205.0,204.0,-105,-112,108,25,W,191
2018-05-14,away,Golden State,Houston,1610612744,0041700311,60.4,110,120,115,110,100,117,112.4,120,100,54.6,2.0,-103,2.5,-108,2.0,-103,2.0,-105,1.5,-110,2.5,-112,2.08,-106.83,2.5,1.5,-103,-112,53.7,225.5,-110,225.5,-114,225.5,-108,226.0,-105,226,-110,225.5,-115,225.67,-110.33,226.0,225.5,-105,-115,119,13,W,225
2018-05-14,home,Houston,Golden State,1610612745,0041700311,39.6,-130,-133,-125,-130,-120,-137,-129.0,-120,-137,45.4,-2.0,-117,-2.5,-102,-2.0,-107,-2.0,-105,-1.5,-110,-2.5,-108,-2.08,-108.17,-1.5,-2.5,-102,-117,46.3,225.5,-110,225.5,-103,225.5,-102,226.0,-105,226,-110,225.5,-105,225.67,-105.83,226.0,225.5,-102,-110,106,-13,L,225
2018-05-15,away,Cleveland,Boston,1610612739,0041700302,57.5,-105,-102,-104,-115,-115,-110,-109.2,-102,-115,54.1,-2.0,-110,1.0,-107,1.0,-110,-1.0,-105,-1.0,-110,0.0,-110,-0.33,-108.67,1.0,-2.0,-105,-110,65.6,202.5,-110,205.5,-103,205.5,-107,206.0,-105,206,-110,205.5,-110,205.17,-107.5,206.0,202.5,-103,-110,94,-13,L,201
2018-05-15,home,Boston,Cleveland,1610612738,0041700302,42.5,-115,-108,-106,-105,-105,-110,-106.8,-105,-110,45.9,2.0,-110,-1.0,-103,-1.0,-100,1.0,-105,1.0,-110,0.0,-110,0.33,-106.33,2.0,-1.0,-100,-110,34.4,202.5,-110,205.5,-107,205.5,-103,206.0,-105,206,-110,205.5,-110,205.17,-107.5,206.0,202.5,-103,-110,107,13,W,201
2018-05-16,away,Golden State,Houston,1610612744,0041700312,61.1,115,112,110,110,-105,105,66.4,112,-105,56.5,2.0,-105,2.0,-105,1.5,-101,2.0,-105,1.0,-110,2.0,-110,1.75,-106.0,2.0,1.0,-101,-110,55.7,225.0,-110,225.0,-105,225.0,-106,226.0,-105,226,-105,225.0,-110,225.33,-106.83,226.0,225.0,-105,-110,105,-22,L,232
2018-05-16,home,Houston,Golden State,1610612745,0041700312,38.9,-135,-124,-120,-130,-115,-125,-122.8,-115,-130,43.5,-2.0,-115,-2.0,-105,-1.5,-109,-2.0,-105,-1.0,-110,-2.0,-110,-1.75,-109.0,-1.0,-2.0,-105,-115,44.3,225.0,-110,225.0,-105,225.0,-104,226.0,-105,226,-115,225.0,-110,225.33,-108.17,226.0,225.0,-104,-115,127,22,W,232
2018-05-19,away,Boston,Cleveland,1610612738,0041700303,53.3,220,258,260,265,240,250,254.6,265,240,53.7,5.5,-108,6.5,-102,6.5,-103,7.0,-105,6.5,-115,6.5,-108,6.42,-106.83,7.0,5.5,-102,-115,60.4,204.5,-110,207.0,-106,207.0,-103,207.5,-105,208,-110,207.0,-112,206.83,-107.67,208.0,204.5,-103,-112,86,-30,L,202
2018-05-19,home,Cleveland,Boston,1610612739,0041700303,46.7,-260,-292,-290,-325,-280,-300,-297.4,-280,-325,46.3,-5.5,-112,-6.5,-108,-6.5,-107,-7.0,-105,-6.5,-105,-6.5,-112,-6.42,-108.17,-5.5,-7.0,-105,-112,39.6,204.5,-110,207.0,-104,207.0,-107,207.5,-105,208,-110,207.0,-108,206.83,-107.33,208.0,204.5,-104,-110,116,30,W,202
2018-05-20,away,Houston,Golden State,1610612745,0041700313,53.9,255,286,310,300,285,285,293.2,310,285,45.2,7.0,-110,7.5,-109,7.5,-105,7.5,-105,8.0,-110,7.5,-110,7.5,-108.17,8.0,7.0,-105,-110,55.1,227.0,-110,226.5,-100,226.5,-105,226.5,-105,227,-110,226.0,-110,226.58,-106.67,227.0,226.0,-100,-110,85,-41,L,211
2018-05-20,home,Golden State,Houston,1610612744,0041700313,46.1,-305,-326,-340,-380,-370,-340,-351.2,-326,-380,54.8,-7.0,-110,-7.5,-101,-7.5,-105,-7.5,-105,-8.0,-110,-7.5,-110,-7.5,-106.83,-7.0,-8.0,-101,-110,44.9,227.0,-110,226.5,-110,226.5,-105,226.5,-105,227,-110,226.0,-110,226.58,-108.33,227.0,226.0,-105,-110,126,41,W,211
2018-05-21,away,Boston,Cleveland,1610612738,0041700304,54.7,250,277,280,265,255,275,270.4,280,255,53.6,6.5,-112,7.0,-106,7.0,-106,7.0,-105,7.0,-110,7.0,-113,6.92,-108.67,7.0,6.5,-105,-113,55.0,206.5,-110,204.5,-110,204.5,-105,205.0,-105,205,-110,204.5,-110,205.0,-108.33,206.5,204.5,-105,-110,102,-9,L,213
2018-05-21,home,Cleveland,Boston,1610612739,0041700304,45.3,-300,-315,-310,-325,-310,-330,-318.0,-310,-330,46.4,-6.5,-108,-7.0,-104,-7.0,-104,-7.0,-105,-7.0,-110,-7.0,-107,-6.92,-106.33,-6.5,-7.0,-104,-110,45.0,206.5,-110,204.5,-100,204.5,-105,205.0,-105,205,-110,204.5,-110,205.0,-106.67,206.5,204.5,-100,-110,111,9,W,213
2018-05-22,away,Houston,Golden State,1610612745,0041700314,57.3,345,330,340,340,315,340,333.0,340,315,46.5,8.5,-110,7.5,-106,8.0,-109,7.5,-105,8.5,-115,7.5,-102,7.92,-107.83,8.5,7.5,-102,-115,58.2,224.0,-110,226.5,-106,227.0,-105,227.5,-105,227,-110,227.0,-110,226.5,-107.67,227.5,224.0,-105,-110,95,3,W,187
2018-05-22,home,Golden State,Houston,1610612744,0041700314,42.7,-415,-380,-380,-430,-430,-410,-406.0,-380,-430,53.5,-8.5,-110,-7.5,-104,-8.0,-101,-7.5,-105,-8.5,-105,-7.5,-122,-7.92,-107.83,-7.5,-8.5,-101,-122,41.8,224.0,-110,226.5,-104,227.0,-105,227.5,-105,227,-110,227.0,-110,226.5,-107.33,227.5,224.0,-104,-110,92,-3,L,187
2018-05-23,away,Cleveland,Boston,1610612739,0041700305,65.2,-115,112,108,110,100,105,107.0,112,100,45.7,-1.0,-110,1.5,-102,1.5,-101,1.5,-100,1.5,-110,1.5,-105,1.08,-104.67,1.5,-1.0,-100,-110,45.9,207.0,-110,205.0,-100,204.5,-107,204.5,-105,205,-115,205.0,-110,205.17,-107.83,207.0,204.5,-100,-115,83,-13,L,179
2018-05-23,home,Boston,Cleveland,1610612738,0041700305,34.8,-105,-123,-118,-130,-120,-125,-123.2,-118,-130,54.3,1.0,-110,-1.5,-113,-1.5,-109,-1.5,-110,-1.5,-110,-1.5,-115,-1.08,-111.17,1.0,-1.5,-109,-115,54.1,207.0,-110,205.0,-110,204.5,-103,204.5,-105,205,-105,205.0,-110,205.17,-107.17,207.0,204.5,-103,-110,96,13,W,179
2018-05-24,away,Golden State,Houston,1610612744,0041700315,52.4,-115,-108,-113,-120,-125,-115,-116.2,-108,-125,58.0,1.0,-110,1.0,-113,-1.0,-107,-1.0,-105,-1.5,-115,-1.0,-107,-0.42,-109.5,1.0,-1.5,-105,-115,55.2,220.0,-110,219.5,-104,219.5,-109,220.0,-105,220,-110,220.0,-112,219.83,-108.33,220.0,219.5,-104,-112,94,-4,L,192
2018-05-24,home,Houston,Golden State,1610612745,0041700315,47.6,-105,-102,103,100,105,-105,20.2,105,-105,42.0,-1.0,-110,-1.0,-102,1.0,-103,1.0,-105,1.5,-105,1.0,-113,0.42,-106.33,1.5,-1.0,-102,-113,44.8,220.0,-110,219.5,-106,219.5,-101,220.0,-105,220,-110,220.0,-108,219.83,-106.67,220.0,219.5,-101,-110,98,4,W,192
2018-05-25,away,Boston,Cleveland,1610612738,0041700306,55.6,275,269,275,265,250,260,263.8,275,250,50.1,7.0,-110,6.5,-106,7.0,-109,7.0,-105,7.0,-115,6.5,-106,6.83,-108.5,7.0,6.5,-105,-115,57.3,201.5,-110,201.5,-107,202.0,-101,202.5,-105,202,-115,201.5,-110,201.83,-108.0,202.5,201.5,-101,-115,99,-10,L,208
2018-05-25,home,Cleveland,Boston,1610612739,0041700306,44.4,-330,-305,-305,-325,-300,-310,-309.0,-300,-325,49.9,-7.0,-110,-6.5,-104,-7.0,-101,-7.0,-105,-7.0,-105,-6.5,-114,-6.83,-106.5,-6.5,-7.0,-101,-114,42.7,201.5,-110,201.5,-103,202.0,-109,202.5,-105,202,-105,201.5,-110,201.83,-107.0,202.5,201.5,-103,-110,109,10,W,208
2018-05-26,away,Houston,Golden State,1610612745,0041700316,66.4,475,736,760,760,550,710,703.2,760,550,48.5,10.5,-110,12.5,-103,12.5,-105,13.0,-105,12.5,-105,12.5,-112,12.25,-106.67,13.0,10.5,-103,-112,56.0,213.5,-110,214.5,-109,214.5,-103,215.0,-105,215,-105,214.5,-114,214.5,-107.67,215.0,213.5,-103,-114,86,-29,L,201
2018-05-26,home,Golden State,Houston,1610612744,0041700316,33.6,-600,-950,-960,-1060,-900,-960,-966.0,-900,-1060,51.5,-10.5,-110,-12.5,-107,-12.5,-105,-13.0,-105,-12.5,-115,-12.5,-108,-12.25,-108.33,-10.5,-13.0,-105,-115,44.0,213.5,-110,214.5,-101,214.5,-107,215.0,-105,215,-115,214.5,-106,214.5,-107.33,215.0,213.5,-101,-115,115,29,W,201
2018-05-27,away,Cleveland,Boston,1610612739,0041700307,48.4,115,135,140,135,105,135,130.0,140,105,48.4,2.5,-110,3.5,-108,3.0,-105,3.5,-105,2.5,-115,2.5,-100,2.92,-107.17,3.5,2.5,-100,-115,54.5,201.5,-110,196.5,-113,197.0,-102,197.5,-105,198,-110,197.0,-107,197.92,-107.83,201.5,196.5,-102,-113,87,8,W,166
2018-05-27,home,Boston,Cleveland,1610612738,0041700307,51.6,-135,-149,-150,-155,-125,-155,-146.8,-125,-155,51.6,-2.5,-110,-3.5,-102,-3.0,-105,-3.5,-105,-2.5,-105,-2.5,-120,-2.92,-107.83,-2.5,-3.5,-102,-120,45.5,201.5,-110,196.5,-102,197.0,-108,197.5,-105,198,-110,197.0,-113,197.92,-108.0,201.5,196.5,-102,-113,79,-8,L,166
2018-05-28,away,Golden State,Houston,1610612744,0041700317,44.0,-220,-269,-270,-280,-290,-275,-276.8,-269,-290,48.8,-5.0,-110,-5.5,-113,-6.0,-106,-6.0,-105,-7.0,-105,-6.0,-110,-5.92,-108.17,-5.0,-7.0,-105,-113,100.0,210.0,-110,208.5,-105,208.0,-105,209.0,-105,209,-110,208.0,-112,208.75,-107.83,210.0,208.0,-105,-112,101,9,W,193
2018-05-28,home,Houston,Golden State,1610612745,0041700317,56.0,190,239,248,230,245,230,238.4,248,230,51.2,5.0,-110,5.5,-102,6.0,-104,6.0,-105,7.0,-115,6.0,-110,5.92,-107.67,7.0,5.0,-102,-115,0.0,210.0,-110,208.5,-105,208.0,-105,209.0,-105,209,-110,208.0,-108,208.75,-107.17,210.0,208.0,-105,-110,92,-9,L,193
2018-05-31,away,Cleveland,Golden State,1610612739,0041700401,69.2,635,656,660,620,450,620,601.2,660,450,53.5,11.5,-105,13.0,-105,13.0,-107,13.0,-105,12.5,-115,13.0,-110,12.67,-107.83,13.0,11.5,-105,-115,45.1,215.5,-110,217.5,-106,217.5,-107,218.0,-105,217,-110,217.5,-110,217.17,-108.0,218.0,215.5,-105,-110,114,-10,L,238
2018-05-31,home,Golden State,Cleveland,1610612744,0041700401,30.8,-850,-827,-840,-870,-750,-820,-821.4,-750,-870,46.5,-11.5,-115,-13.0,-105,-13.0,-103,-13.0,-105,-12.5,-105,-13.0,-110,-12.67,-107.17,-11.5,-13.0,-103,-115,54.9,215.5,-110,217.5,-104,217.5,-103,218.0,-105,217,-110,217.5,-110,217.17,-107.0,218.0,215.5,-103,-110,124,10,W,238
2018-06-03,away,Cleveland,Golden State,1610612739,0041700402,71.5,575,444,455,395,350,410,410.8,455,350,58.3,12.5,-115,11.5,-110,11.5,-108,11.0,-105,11.0,-110,11.5,-123,11.5,-111.83,12.5,11.0,-105,-123,51.1,216.0,-110,216.5,-103,216.5,-105,217.0,-105,216,-115,216.0,-107,216.33,-107.5,217.0,216.0,-103,-115,103,-19,L,225
2018-06-03,home,Golden State,Cleveland,1610612744,0041700402,28.5,-750,-527,-530,-520,-550,-505,-526.4,-505,-550,41.7,-12.5,-105,-11.5,-100,-11.5,-102,-11.0,-105,-11.0,-110,-11.5,-103,-11.5,-104.17,-11.0,-12.5,-100,-110,48.9,216.0,-110,216.5,-114,216.5,-105,217.0,-105,216,-105,216.0,-113,216.33,-108.67,217.0,216.0,-105,-114,122,19,W,225
2018-06-06,away,Golden State,Cleveland,1610612744,0041700403,32.0,-195,-147,-1950,-140,-140,-140,-503.4,-140,-1950,43.2,-5.0,-110,-3.5,-100,-3.5,-101,-3.0,-105,-3.0,-115,-3.5,-105,-3.58,-106.0,-3.0,-5.0,-100,-115,53.6,217.5,-110,215.5,-113,216.0,-105,216.5,-105,216,-115,215.5,-115,216.17,-110.5,217.5,215.5,-105,-115,110,8,W,212
2018-06-06,home,Cleveland,Golden State,1610612739,0041700403,68.0,170,133,1475,120,120,120,393.6,1475,120,56.8,5.0,-110,3.5,-110,3.5,-109,3.0,-105,3.0,-105,3.5,-115,3.58,-109.0,5.0,3.0,-105,-115,46.4,217.5,-110,215.5,-102,216.0,-105,216.5,-105,216,-105,215.5,-105,216.17,-105.33,217.5,215.5,-102,-110,102,-8,L,212
2018-06-08,away,Golden State,Cleveland,1610612744,0041700404,41.5,-210,-166,-11450,-170,-170,-167,-2424.6,-166,-11450,53.9,-5.0,-115,-4.0,-106,-4.0,-103,-4.0,-105,-4.5,-110,-4.5,-113,-4.33,-108.67,-4.0,-5.0,-103,-115,56.7,216.0,-110,216.5,-107,216.5,-108,217.0,-105,217,-110,216.5,-115,216.58,-109.17,217.0,216.0,-105,-115,108,23,W,193
2018-06-08,home,Cleveland,Golden State,1610612739,0041700404,58.5,180,150,6725,150,150,147,1464.4,6725,147,46.1,5.0,-105,4.0,-104,4.0,-107,4.0,-105,4.5,-110,4.5,-107,4.33,-106.33,5.0,4.0,-104,-110,43.3,216.0,-110,216.5,-103,216.5,-102,217.0,-105,217,-110,216.5,-105,216.58,-105.83,217.0,216.0,-102,-110,85,-23,L,193
