Date,Location,Team,OppTeam,TeamId,GameId,PercentBet_ML,Open_Line_ML,Pinnacle_ML,5dimes_ML,Heritage_ML,Bovada_ML,Betonline_ML,Average_Line_ML,Best_Line_ML,Worst_Line_ML,PercentBet_Spread,Open_Line_Spread,Open_Odds_Spread,Pinnacle_Line_Spread,Pinnacle_Odds_Spread,5dimes_Line_Spread,5dimes_Odds_Spread,Heritage_Line_Spread,Heritage_Odds_Spread,Bovada_Line_Spread,Bovada_Odds_Spread,Betonline_Line_Spread,Betonline_Odds_Spread,Average_Line_Spread,Average_Odds_Spread,Best_Line_Spread,Worst_Line_Spread,Best_Odds_Spread,Worst_Odds_Spread,PercentBet_OU,Open_Line_OU,Open_Odds_OU,Pinnacle_Line_OU,Pinnacle_Odds_OU,5dimes_Line_OU,5dimes_Odds_OU,Heritage_Line_OU,Heritage_Odds_OU,Bovada_Line_OU,Bovada_Odds_OU,Betonline_Line_OU,Betonline_Odds_OU,Average_Line_OU,Average_Odds_OU,Best_Line_OU,Worst_Line_OU,Best_Odds_OU,Worst_Odds_OU,Pts,Spread,Result,Total
2015-04-18,away,Milwaukee,Chicago,1610612749,0041400121,40.2,330,342,348,335,315.0,335,335.0,348.0,315.0,34.0,7.0,-115,8.0,-100,8.0,-101,8.5,-105,8.5,-110,8.0,-105,8.0,-106.0,8.5,7.0,-100,-115,0.0,192.0,-110,186.5,-105,186.0,-105,185.5,-105,186,-115,186.5,-110,187.08,-108.33,192.0,185.5,-105,-115,91,-12,L,194
2015-04-18,home,Chicago,Milwaukee,1610612741,0041400121,59.8,-400,-395,-390,-415,-430.0,-405,-407.0,-390.0,-430.0,66.0,-7.0,-105,-8.0,-110,-8.0,-109,-8.5,-105,-8.5,-110,-8.0,-115,-8.0,-109.0,-7.0,-8.5,-105,-115,100.0,192.0,-110,186.5,-105,186.0,-105,185.5,-105,186,-105,186.5,-110,187.08,-106.67,192.0,185.5,-105,-110,103,12,W,194
2015-04-18,away,Washington,Toronto,1610612764,0041400131,52.5,160,166,160,165,165.0,165,164.2,166.0,160.0,40.0,4.5,-115,4.0,-101,4.0,-110,4.0,-105,4.5,-115,4.0,-110,4.17,-109.33,4.5,4.0,-101,-115,53.7,196.0,-110,194.5,-104,194.5,-110,194.5,-105,195,-110,194.5,-110,194.83,-108.17,196.0,194.5,-104,-110,93,7,W,179
2015-04-18,home,Toronto,Washington,1610612761,0041400131,47.5,-180,-185,-185,-190,-190.0,-190,-188.0,-185.0,-190.0,60.0,-4.5,-105,-4.0,-109,-4.0,-110,-4.0,-105,-4.5,-105,-4.0,-110,-4.17,-107.33,-4.0,-4.5,-105,-110,46.3,196.0,-110,194.5,-106,194.5,-110,194.5,-105,195,-110,194.5,-110,194.83,-108.5,196.0,194.5,-105,-110,86,-7,L,179
2015-04-18,away,New Orleans,Golden State,1610612740,0041400141,0.0,535,760,650,725,,725,715.0,760.0,650.0,38.7,10.5,-110,12.5,-103,12.5,-110,12.5,-105,12.5,-110,12.5,-108,12.17,-107.67,12.5,10.5,-103,-110,0.0,206.0,-110,205.0,-105,205.0,-110,205.5,-105,207,-105,205.0,-110,205.58,-107.5,207.0,205.0,-105,-110,99,-7,L,205
2015-04-18,home,Golden State,New Orleans,1610612744,0041400141,100.0,-700,-1000,-1000,-975,,-1000,-993.75,-975.0,-1000.0,61.3,-10.5,-110,-12.5,-107,-12.5,-110,-12.5,-105,-12.5,-110,-12.5,-112,-12.17,-109.0,-10.5,-12.5,-105,-112,100.0,206.0,-110,205.0,-105,205.0,-110,205.5,-105,207,-115,205.0,-110,205.58,-109.17,207.0,205.0,-105,-115,106,7,W,205
2015-04-18,away,Dallas,Houston,1610612742,0041400151,50.0,200,205,195,200,205.0,200,201.0,205.0,195.0,41.8,6.0,-110,5.5,-103,5.5,-110,5.5,-105,6.0,-110,5.5,-105,5.67,-107.17,6.0,5.5,-103,-110,60.1,211.0,-110,212.5,-108,212.5,-110,213.0,-105,214,-105,213.0,-110,212.67,-108.0,214.0,211.0,-105,-110,108,-10,L,226
2015-04-18,home,Houston,Dallas,1610612745,0041400151,50.0,-240,-230,-235,-235,-245.0,-240,-237.0,-230.0,-245.0,58.2,-6.0,-110,-5.5,-107,-5.5,-110,-5.5,-105,-6.0,-110,-5.5,-115,-5.67,-109.5,-5.5,-6.0,-105,-115,39.9,211.0,-110,212.5,-102,212.5,-110,213.0,-105,214,-115,213.0,-110,212.67,-108.67,214.0,211.0,-102,-115,118,10,W,226
2015-04-19,away,Brooklyn,Atlanta,1610612751,0041400101,48.1,470,638,575,575,425.0,600,562.6,638.0,425.0,7.7,8.0,-110,11.5,-109,11.5,-110,11.5,-105,10.5,-115,11.5,-110,10.75,-109.83,11.5,8.0,-105,-115,0.0,199.5,-110,205.0,-104,205.0,-110,204.5,-105,205,-110,205.0,-110,204.0,-108.17,205.0,199.5,-104,-110,92,-7,L,191
2015-04-19,home,Atlanta,Brooklyn,1610612737,0041400101,51.9,-575,-800,-850,-775,-650.0,-800,-775.0,-650.0,-850.0,92.3,-8.0,-110,-11.5,-101,-11.5,-110,-11.5,-105,-10.5,-105,-11.5,-110,-10.75,-106.83,-8.0,-11.5,-101,-110,100.0,199.5,-110,205.0,-115,205.0,-110,204.5,-105,205,-110,205.0,-110,204.0,-110.0,205.0,199.5,-105,-115,99,7,W,191
2015-04-19,away,Boston,Cleveland,1610612738,0041400111,48.1,500,705,650,635,,700,672.5,705.0,635.0,35.4,11.0,-110,11.5,-108,12.0,-110,11.5,-105,12.5,-115,11.5,-112,11.67,-110.0,12.5,11.0,-105,-115,54.6,203.5,-110,203.5,-110,203.5,-110,204.0,-105,205,-105,203.0,-110,203.75,-108.33,205.0,203.0,-105,-110,100,-13,L,213
2015-04-19,home,Cleveland,Boston,1610612739,0041400111,51.9,-650,-901,-1000,-885,,-950,-934.0,-885.0,-1000.0,64.6,-11.0,-110,-11.5,-102,-12.0,-110,-11.5,-105,-12.5,-105,-11.5,-108,-11.67,-106.67,-11.0,-12.5,-102,-110,45.4,203.5,-110,203.5,-100,203.5,-110,204.0,-105,205,-115,203.0,-110,203.75,-108.33,205.0,203.0,-100,-115,113,13,W,213
2015-04-19,away,San Antonio,L.A. Clippers,1610612759,0041400161,60.6,102,114,105,110,,105,108.5,114.0,105.0,52.7,1.5,-110,2.0,-105,1.5,-110,1.5,-105,1.0,-105,1.5,-110,1.5,-107.5,2.0,1.0,-105,-110,65.7,206.5,-110,207.5,-107,207.5,-110,208.5,-105,209,-115,208.0,-110,207.83,-109.5,209.0,206.5,-105,-115,92,-15,L,199
2015-04-19,home,L.A. Clippers,San Antonio,1610612746,0041400161,39.4,-122,-126,-125,-130,,-125,-126.5,-125.0,-130.0,47.3,-1.5,-110,-2.0,-105,-1.5,-110,-1.5,-105,-1.0,-115,-1.5,-110,-1.5,-109.17,-1.0,-2.0,-105,-115,34.3,206.5,-110,207.5,-103,207.5,-110,208.5,-105,209,-105,208.0,-110,207.83,-107.17,209.0,206.5,-103,-110,107,15,W,199
2015-04-19,away,Portland,Memphis,1610612757,0041400171,44.0,155,193,195,200,200.0,200,197.6,200.0,193.0,34.3,4.0,-110,5.5,-108,5.5,-110,5.5,-105,5.5,-110,5.5,-108,5.25,-108.5,5.5,4.0,-105,-110,0.0,190.5,-110,189.5,-110,189.5,-110,189.0,-105,190,-115,189.5,-110,189.67,-110.0,190.5,189.0,-105,-115,86,-14,L,186
2015-04-19,home,Memphis,Portland,1610612763,0041400171,56.0,-175,-216,-235,-235,-240.0,-240,-233.2,-216.0,-240.0,65.7,-4.0,-110,-5.5,-102,-5.5,-110,-5.5,-105,-5.5,-110,-5.5,-112,-5.25,-108.17,-4.0,-5.5,-102,-112,100.0,190.5,-110,189.5,-100,189.5,-110,189.0,-105,190,-105,189.5,-110,189.67,-106.67,190.5,189.0,-100,-110,100,14,W,186
2015-04-20,away,Milwaukee,Chicago,1610612749,0041400122,0.0,290,333,320,305,325.0,320,320.6,333.0,305.0,15.0,7.5,-110,8.0,-109,7.5,-100,8.0,-105,8.5,-110,8.0,-110,7.92,-107.33,8.5,7.5,-100,-110,46.8,187.0,-110,190.5,-113,190.0,-117,190.0,-105,190,-115,191.0,-110,189.75,-111.67,191.0,187.0,-105,-117,82,-9,L,173
2015-04-20,home,Chicago,Milwaukee,1610612741,0041400122,100.0,-350,-384,-390,-375,-450.0,-380,-395.8,-375.0,-450.0,85.0,-7.5,-110,-8.0,-101,-7.5,-120,-8.0,-105,-8.5,-110,-8.0,-110,-7.92,-109.33,-7.5,-8.5,-101,-120,53.2,187.0,-110,190.5,-102,190.0,-103,190.0,-105,190,-105,191.0,-110,189.75,-105.83,191.0,187.0,-102,-110,91,9,W,173
2015-04-20,away,New Orleans,Golden State,1610612740,0041400142,4.9,635,925,1000,920,,900,936.25,1000.0,900.0,41.1,11.0,-110,13.0,-102,13.0,-101,13.5,-105,13.0,-105,13.0,-105,12.75,-104.67,13.5,11.0,-101,-110,66.6,205.0,-110,206.5,-103,206.5,-101,206.5,-105,208,-115,206.5,-110,206.5,-107.33,208.0,205.0,-101,-115,87,-10,L,184
2015-04-20,home,Golden State,New Orleans,1610612744,0041400142,95.1,-850,-1350,-1200,-1270,,-1350,-1292.5,-1200.0,-1350.0,58.9,-11.0,-110,-13.0,-113,-13.0,-109,-13.5,-105,-13.0,-115,-13.0,-115,-12.75,-111.17,-11.0,-13.5,-105,-115,33.4,205.0,-110,206.5,-107,206.5,-109,206.5,-105,208,-105,206.5,-110,206.5,-107.67,208.0,205.0,-105,-110,97,10,W,184
2015-04-21,away,Boston,Cleveland,1610612738,0041400112,39.9,555,667,635,575,,645,630.5,667.0,575.0,40.1,11.0,-110,11.0,-100,11.0,-102,11.0,-105,11.5,-110,11.0,-105,11.08,-105.33,11.5,11.0,-100,-110,12.5,207.0,-110,206.5,-102,206.0,-105,205.5,-105,206,-105,206.0,-110,206.17,-106.17,207.0,205.5,-102,-110,91,-8,L,190
2015-04-21,home,Cleveland,Boston,1610612739,0041400112,60.1,-720,-844,-800,-750,,-860,-813.5,-750.0,-860.0,59.9,-11.0,-110,-11.0,-110,-11.0,-108,-11.0,-105,-11.5,-110,-11.0,-115,-11.08,-109.67,-11.0,-11.5,-105,-115,87.5,207.0,-110,206.5,-113,206.0,-105,205.5,-105,206,-115,206.0,-110,206.17,-109.67,207.0,205.5,-105,-115,99,8,W,190
2015-04-21,away,Washington,Toronto,1610612764,0041400132,25.0,175,199,180,190,190.0,195,190.8,199.0,180.0,5.4,5.0,-110,5.0,-102,5.0,-110,5.0,-105,5.0,-105,5.0,-105,5.0,-106.17,5.0,5.0,-102,-110,49.7,190.5,-110,193.5,-105,193.5,-110,193.5,-105,193,-115,193.5,-110,192.92,-109.17,193.5,190.5,-105,-115,117,11,W,223
2015-04-21,home,Toronto,Washington,1610612761,0041400132,75.0,-205,-222,-220,-220,-230.0,-225,-223.4,-220.0,-230.0,94.6,-5.0,-110,-5.0,-113,-5.0,-110,-5.0,-105,-5.0,-115,-5.0,-115,-5.0,-111.33,-5.0,-5.0,-105,-115,50.3,190.5,-110,193.5,-105,193.5,-110,193.5,-105,193,-105,193.5,-110,192.92,-107.5,193.5,190.5,-105,-110,106,-11,L,223
2015-04-21,away,Dallas,Houston,1610612742,0041400152,51.7,200,239,230,215,230.0,230,228.8,239.0,215.0,37.7,5.5,-110,6.5,-103,6.5,-110,6.0,-105,7.0,-115,6.5,-110,6.33,-108.83,7.0,5.5,-103,-115,46.2,214.0,-110,214.5,-100,214.0,-110,213.5,-105,214,-110,214.5,-110,214.08,-107.5,214.5,213.5,-100,-110,99,-12,L,210
2015-04-21,home,Houston,Dallas,1610612745,0041400152,48.3,-240,-270,-270,-265,-270.0,-275,-270.0,-265.0,-275.0,62.3,-5.5,-110,-6.5,-107,-6.5,-110,-6.0,-105,-7.0,-105,-6.5,-110,-6.33,-107.83,-5.5,-7.0,-105,-110,53.8,214.0,-110,214.5,-110,214.0,-110,213.5,-105,214,-110,214.5,-110,214.08,-109.17,214.5,213.5,-105,-110,111,12,W,210
2015-04-22,away,Brooklyn,Atlanta,1610612751,0041400102,45.6,435,420,425,395,350.0,385,395.0,425.0,350.0,52.1,10.5,-110,9.5,-108,9.0,-110,9.0,-105,9.0,-110,9.0,-105,9.33,-108.0,10.5,9.0,-105,-110,15.4,202.0,-110,202.5,-100,203.0,-110,203.0,-105,203,-105,203.0,-110,202.75,-106.67,203.0,202.0,-100,-110,91,-5,L,187
2015-04-22,home,Atlanta,Brooklyn,1610612737,0041400102,54.4,-530,-495,-550,-495,-500.0,-460,-500.0,-460.0,-550.0,47.9,-10.5,-110,-9.5,-102,-9.0,-110,-9.0,-105,-9.0,-110,-9.0,-115,-9.33,-108.67,-9.0,-10.5,-102,-115,84.6,202.0,-110,202.5,-110,203.0,-110,203.0,-105,203,-115,203.0,-110,202.75,-110.0,203.0,202.0,-105,-115,96,5,W,187
2015-04-22,away,San Antonio,L.A. Clippers,1610612759,0041400162,57.0,105,119,110,110,,107,111.5,119.0,107.0,48.6,1.5,-110,2.0,-100,2.0,-110,2.0,-105,2.0,-110,2.0,-110,1.92,-107.5,2.0,1.5,-100,-110,58.8,205.0,-110,206.5,-102,206.5,-110,207.0,-105,208,-105,206.5,-112,206.58,-107.33,208.0,205.0,-102,-112,111,4,W,218
2015-04-22,home,L.A. Clippers,San Antonio,1610612746,0041400162,43.0,-125,-131,-130,-130,,-127,-129.5,-127.0,-131.0,51.4,-1.5,-110,-2.0,-110,-2.0,-110,-2.0,-105,-2.0,-110,-2.0,-110,-1.92,-109.17,-1.5,-2.0,-105,-110,41.2,205.0,-110,206.5,-113,206.5,-110,207.0,-105,208,-115,206.5,-108,206.58,-110.17,208.0,205.0,-105,-115,107,-4,L,218
2015-04-22,away,Portland,Memphis,1610612757,0041400172,34.2,215,195,205,210,225.0,205,208.0,225.0,195.0,40.1,6.5,-110,5.5,-108,6.0,-110,6.0,-105,7.0,-115,6.0,-110,6.17,-109.67,7.0,5.5,-105,-115,51.9,189.0,-110,191.5,-105,192.0,-110,191.5,-105,191,-115,192.0,-110,191.17,-109.17,192.0,189.0,-105,-115,82,-15,L,179
2015-04-22,home,Memphis,Portland,1610612763,0041400172,65.8,-255,-218,-245,-250,-265.0,-245,-244.6,-218.0,-265.0,59.9,-6.5,-110,-5.5,-102,-6.0,-110,-6.0,-105,-7.0,-105,-6.0,-110,-6.17,-107.0,-5.5,-7.0,-102,-110,48.1,189.0,-110,191.5,-105,192.0,-110,191.5,-105,191,-105,192.0,-110,191.17,-107.5,192.0,189.0,-105,-110,97,15,W,179
2015-04-23,away,Cleveland,Boston,1610612739,0041400113,59.3,-180,-231,-215,-240,-245.0,-245,-235.2,-215.0,-245.0,45.4,-4.0,-110,-5.5,-105,-5.5,-105,-5.5,-105,-6.0,-110,-5.5,-110,-5.33,-107.5,-4.0,-6.0,-105,-110,54.0,204.0,-110,206.0,-100,206.0,-105,205.5,-105,206,-110,206.0,-110,205.58,-106.67,206.0,204.0,-100,-110,103,8,W,198
2015-04-23,home,Boston,Cleveland,1610612738,0041400113,40.7,160,206,195,205,205.0,205,203.2,206.0,195.0,54.6,4.0,-110,5.5,-105,5.5,-105,5.5,-105,6.0,-110,5.5,-110,5.33,-107.5,6.0,4.0,-105,-110,46.0,204.0,-110,206.0,-110,206.0,-105,205.5,-105,206,-110,206.0,-110,205.58,-108.33,206.0,204.0,-105,-110,95,-8,L,198
2015-04-23,away,Chicago,Milwaukee,1610612741,0041400123,48.7,-155,-133,-145,-135,-150.0,-145,-141.6,-133.0,-150.0,44.4,-3.5,-110,-2.5,-100,-2.5,-110,-2.0,-105,-3.5,-115,-2.5,-110,-2.75,-108.33,-2.0,-3.5,-100,-115,0.0,188.0,-110,187.5,-105,187.5,-110,187.5,-105,188,-105,188.0,-105,187.75,-106.67,188.0,187.5,-105,-110,113,7,W,219
2015-04-23,home,Milwaukee,Chicago,1610612749,0041400123,51.3,135,120,125,115,130.0,125,123.0,130.0,115.0,55.6,3.5,-110,2.5,-110,2.5,-110,2.0,-105,3.5,-105,2.5,-110,2.75,-108.33,3.5,2.0,-105,-110,100.0,188.0,-110,187.5,-105,187.5,-110,187.5,-105,188,-115,188.0,-115,187.75,-110.0,188.0,187.5,-105,-115,106,-7,L,219
2015-04-23,away,Golden State,New Orleans,1610612744,0041400143,0.0,-210,-218,-220,-215,-240.0,-225,-223.6,-215.0,-240.0,50.0,-4.5,-113,-5.0,-109,-5.0,-110,-5.5,-105,-6.0,-105,-5.5,-110,-5.25,-108.67,-4.5,-6.0,-105,-113,59.7,203.0,-110,203.0,-102,203.0,-110,203.5,-105,204,-115,203.5,-110,203.33,-108.67,204.0,203.0,-102,-115,123,4,W,242
2015-04-23,home,New Orleans,Golden State,1610612740,0041400143,100.0,180,195,180,185,200.0,195,191.0,200.0,180.0,50.0,4.5,-107,5.0,-101,5.0,-110,5.5,-105,6.0,-115,5.5,-110,5.25,-108.0,6.0,4.5,-101,-115,40.3,203.0,-110,203.0,-108,203.0,-110,203.5,-105,204,-105,203.5,-110,203.33,-108.0,204.0,203.0,-105,-110,119,-4,L,242
2015-04-24,away,Toronto,Washington,1610612761,0041400133,42.3,145,166,170,165,170.0,170,168.2,170.0,165.0,3.0,3.5,-110,4.5,-102,5.0,-110,4.5,-105,5.0,-110,4.5,-105,4.5,-107.0,5.0,3.5,-102,-110,42.3,195.5,-110,195.5,-108,195.5,-110,196.0,-105,196,-110,196.0,-110,195.75,-108.83,196.0,195.5,-105,-110,99,-7,L,205
2015-04-24,home,Washington,Toronto,1610612764,0041400133,57.7,-165,-185,-200,-190,-200.0,-195,-194.0,-185.0,-200.0,97.0,-3.5,-110,-4.5,-108,-5.0,-110,-4.5,-105,-5.0,-110,-4.5,-115,-4.5,-109.67,-3.5,-5.0,-105,-115,57.7,195.5,-110,195.5,-102,195.5,-110,196.0,-105,196,-110,196.0,-110,195.75,-107.83,196.0,195.5,-102,-110,106,7,W,205
2015-04-24,away,Houston,Dallas,1610612745,0041400153,51.7,105,105,-105,-105,,-103,-52.0,105.0,-105.0,0.0,1.5,-110,1.0,-100,-1.0,-112,1.0,-105,-2.0,-110,1.0,-110,0.25,-107.83,1.5,-2.0,-100,-112,0.0,214.0,-110,216.5,-102,216.5,-103,216.5,-105,216,-110,216.0,-110,215.92,-106.67,216.5,214.0,-102,-110,130,2,W,258
2015-04-24,home,Dallas,Houston,1610612742,0041400153,48.3,-125,-116,-105,-115,,-117,-113.25,-105.0,-117.0,100.0,-1.5,-110,-1.0,-110,1.0,-102,-1.0,-105,2.0,-110,-1.0,-110,-0.25,-107.83,2.0,-1.5,-102,-110,100.0,214.0,-110,216.5,-108,216.5,-107,216.5,-105,216,-110,216.0,-110,215.92,-108.33,216.5,214.0,-105,-110,128,-2,L,258
2015-04-24,away,L.A. Clippers,San Antonio,1610612746,0041400163,42.8,150,181,185,180,180.0,180,181.2,185.0,180.0,40.5,3.5,-110,5.0,-105,5.0,-108,5.0,-105,5.0,-110,5.0,-110,4.75,-108.0,5.0,3.5,-105,-110,0.0,205.0,-110,203.5,-107,204.0,-101,204.5,-105,205,-110,204.0,-110,204.33,-107.17,205.0,203.5,-101,-110,73,-27,L,173
2015-04-24,home,San Antonio,L.A. Clippers,1610612759,0041400163,57.2,-170,-202,-200,-210,-220.0,-210,-208.4,-200.0,-220.0,59.5,-3.5,-110,-5.0,-105,-5.0,-102,-5.0,-105,-5.0,-110,-5.0,-110,-4.75,-107.0,-3.5,-5.0,-102,-110,100.0,205.0,-110,203.5,-103,204.0,-109,204.5,-105,205,-110,204.0,-110,204.33,-107.83,205.0,203.5,-103,-110,100,27,W,173
2015-04-25,away,Atlanta,Brooklyn,1610612737,0041400103,63.5,-140,-161,-160,-155,-165.0,-155,-159.2,-155.0,-165.0,33.3,-2.5,-110,-3.5,-108,-3.5,-110,-3.5,-105,-4.0,-110,-3.5,-113,-3.42,-109.33,-2.5,-4.0,-105,-113,66.7,200.5,-110,199.0,-100,199.0,-110,198.5,-105,199,-105,198.5,-105,199.08,-105.83,200.5,198.5,-100,-110,83,-8,L,174
2015-04-25,home,Brooklyn,Atlanta,1610612751,0041400103,36.5,120,145,140,135,145.0,135,140.0,145.0,135.0,66.7,2.5,-110,3.5,-102,3.5,-110,3.5,-105,4.0,-110,3.5,-107,3.42,-107.33,4.0,2.5,-102,-110,33.3,200.5,-110,199.0,-110,199.0,-110,198.5,-105,199,-115,198.5,-115,199.08,-110.83,200.5,198.5,-105,-115,91,8,W,174
2015-04-25,away,Chicago,Milwaukee,1610612741,0041400124,0.0,-180,-171,-175,-175,-180.0,-172,-174.6,-171.0,-180.0,0.0,-4.0,-110,-4.0,-106,-4.0,-110,-4.0,-105,-5.0,-105,-4.0,-110,-4.17,-107.67,-4.0,-5.0,-105,-110,33.3,188.5,-110,190.0,-105,190.0,-110,189.0,-105,190,-110,190.0,-110,189.58,-108.33,190.0,188.5,-105,-110,90,-2,L,182
2015-04-25,home,Milwaukee,Chicago,1610612749,0041400124,100.0,160,154,155,155,160.0,152,155.2,160.0,152.0,100.0,4.0,-110,4.0,-104,4.0,-110,4.0,-105,5.0,-115,4.0,-110,4.17,-109.0,5.0,4.0,-104,-115,66.7,188.5,-110,190.0,-105,190.0,-110,189.0,-105,190,-110,190.0,-110,189.58,-108.33,190.0,188.5,-105,-110,92,2,W,182
2015-04-25,away,Golden State,New Orleans,1610612744,0041400144,0.0,-290,-270,-290,-280,-280.0,-280,-280.0,-270.0,-290.0,0.0,-6.0,-110,-6.5,-105,-6.5,-110,-6.0,-105,-7.0,-105,-6.5,-110,-6.42,-107.5,-6.0,-7.0,-105,-110,62.5,205.0,-110,208.0,-105,208.0,-110,208.0,-105,209,-105,208.5,-110,207.75,-107.5,209.0,205.0,-105,-110,109,11,W,207
2015-04-25,home,New Orleans,Golden State,1610612740,0041400144,100.0,245,239,245,230,240.0,235,237.8,245.0,230.0,100.0,6.0,-110,6.5,-105,6.5,-110,6.0,-105,7.0,-115,6.5,-110,6.42,-109.17,7.0,6.0,-105,-115,37.5,205.0,-110,208.0,-116,208.0,-110,208.0,-105,209,-115,208.5,-110,207.75,-111.0,209.0,205.0,-105,-116,98,-11,L,207
2015-04-25,away,Memphis,Portland,1610612763,0041400173,91.7,140,144,145,140,135.0,140,140.8,145.0,135.0,45.9,3.0,-105,3.5,-105,3.5,-110,3.5,-105,3.5,-115,3.5,-105,3.42,-107.5,3.5,3.0,-105,-115,50.0,188.5,-110,189.0,-102,189.0,-110,188.5,-105,191,-105,189.0,-110,189.17,-107.0,191.0,188.5,-102,-110,115,6,W,224
2015-04-25,home,Portland,Memphis,1610612757,0041400173,8.3,-160,-160,-165,-160,-155.0,-160,-160.0,-155.0,-165.0,54.1,-3.0,-115,-3.5,-105,-3.5,-110,-3.5,-105,-3.5,-105,-3.5,-115,-3.42,-109.17,-3.0,-3.5,-105,-115,50.0,188.5,-110,189.0,-113,189.0,-110,188.5,-105,191,-115,189.0,-110,189.17,-110.5,191.0,188.5,-105,-115,109,-6,L,224
2015-04-26,away,Cleveland,Boston,1610612739,0041400114,63.1,-310,-295,-280,-310,-330.0,-300,-303.0,-280.0,-330.0,47.1,-7.0,-115,-6.5,-109,-6.5,-108,-6.5,-105,-7.0,-110,-7.0,-105,-6.75,-108.67,-6.5,-7.0,-105,-115,53.3,203.5,-110,201.5,-113,202.0,-103,201.5,-105,202,-115,201.5,-110,202.0,-109.33,203.5,201.5,-103,-115,101,8,W,194
2015-04-26,home,Boston,Cleveland,1610612738,0041400114,36.9,260,260,255,250,265.0,250,256.0,265.0,250.0,52.9,7.0,-105,6.5,-101,6.5,-102,6.5,-105,7.0,-110,7.0,-115,6.75,-106.33,7.0,6.5,-101,-115,46.7,203.5,-110,201.5,-102,202.0,-107,201.5,-105,202,-105,201.5,-110,202.0,-106.5,203.5,201.5,-102,-110,93,-8,L,194
2015-04-26,away,Toronto,Washington,1610612761,0041400134,37.7,205,227,235,235,230.0,225,230.4,235.0,225.0,0.0,6.0,-110,6.5,-107,6.5,-108,7.0,-105,6.5,-115,6.5,-115,6.5,-110.0,7.0,6.0,-105,-115,7.7,197.5,-110,197.5,-103,197.5,-101,197.0,-105,198,-110,197.5,-110,197.5,-106.5,198.0,197.0,-101,-110,94,-31,L,219
2015-04-26,home,Washington,Toronto,1610612764,0041400134,62.3,-245,-255,-255,-285,-270.0,-265,-266.0,-255.0,-285.0,100.0,-6.0,-110,-6.5,-103,-6.5,-102,-7.0,-105,-6.5,-105,-6.5,-105,-6.5,-105.0,-6.0,-7.0,-102,-110,92.3,197.5,-110,197.5,-107,197.5,-109,197.0,-105,198,-110,197.5,-110,197.5,-108.5,198.0,197.0,-105,-110,125,31,W,219
2015-04-26,away,Houston,Dallas,1610612745,0041400154,53.5,-165,-143,-145,-135,-165.0,-145,-146.6,-135.0,-165.0,50.0,-3.5,-110,-2.5,-110,-2.5,-110,-2.5,-105,-4.0,-105,-2.5,-115,-2.92,-109.17,-2.5,-4.0,-105,-115,10.0,220.5,-110,218.5,-100,219.0,-110,219.0,-105,219,-105,219.0,-110,219.17,-106.67,220.5,218.5,-100,-110,109,-12,L,230
2015-04-26,home,Dallas,Houston,1610612742,0041400154,46.5,145,129,125,115,145.0,125,127.8,145.0,115.0,50.0,3.5,-110,2.5,-100,2.5,-110,2.5,-105,4.0,-115,2.5,-105,2.92,-107.5,4.0,2.5,-100,-115,90.0,220.5,-110,218.5,-110,219.0,-110,219.0,-105,219,-115,219.0,-110,219.17,-110.0,220.5,218.5,-105,-115,121,12,W,230
2015-04-26,away,L.A. Clippers,San Antonio,1610612746,0041400164,46.3,205,216,230,215,215.0,220,219.2,230.0,215.0,40.8,6.0,-110,6.0,-105,6.0,-101,6.0,-105,6.5,-115,6.0,-110,6.08,-107.67,6.5,6.0,-101,-115,50.0,201.5,-110,202.5,-105,202.5,-105,203.0,-105,203,-105,202.5,-112,202.5,-107.0,203.0,201.5,-105,-112,114,9,W,219
2015-04-26,home,San Antonio,L.A. Clippers,1610612759,0041400164,53.7,-245,-242,-250,-265,-255.0,-260,-254.4,-242.0,-265.0,59.2,-6.0,-110,-6.0,-105,-6.0,-109,-6.0,-105,-6.5,-105,-6.0,-110,-6.08,-107.33,-6.0,-6.5,-105,-110,50.0,201.5,-110,202.5,-105,202.5,-105,203.0,-105,203,-115,202.5,-108,202.5,-108.0,203.0,201.5,-105,-115,105,-9,L,219
2015-04-27,away,Atlanta,Brooklyn,1610612737,0041400104,54.4,-175,-212,-220,-230,-235.0,-220,-223.4,-212.0,-235.0,53.9,-3.5,-110,-5.5,-105,-5.5,-110,-5.5,-105,-5.5,-105,-5.5,-110,-5.17,-107.5,-3.5,-5.5,-105,-110,49.8,196.0,-110,198.0,-102,198.0,-110,198.5,-105,198,-110,198.0,-110,197.75,-107.83,198.5,196.0,-102,-110,115,-5,L,235
2015-04-27,home,Brooklyn,Atlanta,1610612751,0041400104,45.6,155,190,180,195,195.0,190,190.0,195.0,180.0,46.1,3.5,-110,5.5,-105,5.5,-110,5.5,-105,5.5,-115,5.5,-110,5.17,-109.17,5.5,3.5,-105,-115,50.2,196.0,-110,198.0,-108,198.0,-110,198.5,-105,198,-110,198.0,-110,197.75,-108.83,198.5,196.0,-105,-110,120,5,W,235
2015-04-27,away,Milwaukee,Chicago,1610612749,0041400125,6.7,330,322,340,335,350.0,325,334.4,350.0,322.0,10.0,8.5,-110,8.0,-109,8.0,-107,8.0,-105,8.5,-115,8.0,-110,8.17,-109.33,8.5,8.0,-105,-115,54.6,188.0,-110,189.5,-102,189.5,-104,189.5,-105,190,-105,189.5,-110,189.33,-106.0,190.0,188.0,-102,-110,94,6,W,182
2015-04-27,home,Chicago,Milwaukee,1610612741,0041400125,93.3,-400,-370,-380,-415,-500.0,-385,-410.0,-370.0,-500.0,90.0,-8.5,-110,-8.0,-101,-8.0,-103,-8.0,-105,-8.5,-105,-8.0,-110,-8.17,-105.67,-8.0,-8.5,-101,-110,45.4,188.0,-110,189.5,-108,189.5,-106,189.5,-105,190,-115,189.5,-110,189.33,-109.0,190.0,188.0,-105,-115,88,-6,L,182
2015-04-27,away,Memphis,Portland,1610612763,0041400174,59.5,110,151,155,150,135.0,155,149.2,155.0,135.0,46.3,2.0,-110,4.0,-106,4.0,-110,4.0,-105,4.0,-115,4.0,-110,3.67,-109.33,4.0,2.0,-105,-115,45.5,193.0,-110,193.0,-102,193.0,-110,193.0,-105,194,-110,193.0,-110,193.17,-107.83,194.0,193.0,-102,-110,92,-7,L,191
2015-04-27,home,Portland,Memphis,1610612757,0041400174,40.5,-130,-167,-175,-170,-155.0,-175,-168.4,-155.0,-175.0,53.7,-2.0,-110,-4.0,-104,-4.0,-110,-4.0,-105,-4.0,-105,-4.0,-110,-3.67,-107.33,-2.0,-4.0,-104,-110,54.5,193.0,-110,193.0,-112,193.0,-110,193.0,-105,194,-110,193.0,-110,193.17,-109.5,194.0,193.0,-105,-112,99,7,W,191
2015-04-28,away,Dallas,Houston,1610612742,0041400155,38.5,220,314,325,305,290.0,305,307.8,325.0,290.0,42.9,6.0,-105,8.0,-107,8.0,-105,8.0,-105,8.0,-110,8.0,-110,7.67,-107.0,8.0,6.0,-105,-110,45.5,222.0,-110,221.5,-103,221.5,-105,221.0,-105,221,-110,221.5,-112,221.42,-107.5,222.0,221.0,-103,-112,94,-9,L,197
2015-04-28,home,Houston,Dallas,1610612745,0041400155,61.5,-260,-360,-360,-375,-380.0,-365,-368.0,-360.0,-380.0,57.1,-6.0,-115,-8.0,-103,-8.0,-105,-8.0,-105,-8.0,-110,-8.0,-110,-7.67,-108.0,-6.0,-8.0,-103,-115,54.5,222.0,-110,221.5,-107,221.5,-105,221.0,-105,221,-110,221.5,-108,221.42,-107.5,222.0,221.0,-105,-110,103,9,W,197
2015-04-28,away,San Antonio,L.A. Clippers,1610612759,0041400165,52.0,110,127,120,120,,119,121.5,127.0,119.0,44.5,2.0,-110,2.5,-102,2.5,-110,3.0,-105,2.5,-110,2.5,-110,2.5,-107.83,3.0,2.0,-102,-110,33.3,206.0,-110,203.0,-105,203.0,-110,203.5,-105,204,-110,203.0,-110,203.75,-108.33,206.0,203.0,-105,-110,111,4,W,218
2015-04-28,home,L.A. Clippers,San Antonio,1610612746,0041400165,48.0,-130,-140,-140,-140,,-139,-139.75,-139.0,-140.0,55.5,-2.0,-110,-2.5,-108,-2.5,-110,-3.0,-105,-2.5,-110,-2.5,-110,-2.5,-108.83,-2.0,-3.0,-105,-110,66.7,206.0,-110,203.0,-105,203.0,-110,203.5,-105,204,-110,203.0,-110,203.75,-108.33,206.0,203.0,-105,-110,107,-4,L,218
2015-04-29,away,Brooklyn,Atlanta,1610612751,0041400105,51.2,360,393,385,380,350.0,390,379.6,393.0,350.0,58.0,8.0,-108,9.0,-110,9.0,-110,9.0,-105,8.5,-115,9.0,-110,8.75,-109.67,9.0,8.0,-105,-115,0.0,200.0,-110,200.0,-100,200.0,-110,199.5,-105,200,-115,200.0,-110,199.92,-108.33,200.0,199.5,-100,-115,97,-10,L,204
2015-04-29,home,Atlanta,Brooklyn,1610612737,0041400105,48.8,-430,-460,-485,-480,-500.0,-465,-478.0,-460.0,-500.0,42.0,-8.0,-112,-9.0,-100,-9.0,-110,-9.0,-105,-8.5,-105,-9.0,-110,-8.75,-107.0,-8.0,-9.0,-100,-112,100.0,200.0,-110,200.0,-110,200.0,-110,199.5,-105,200,-105,200.0,-110,199.92,-108.33,200.0,199.5,-105,-110,107,10,W,204
2015-04-29,away,Portland,Memphis,1610612757,0041400175,0.0,165,214,215,215,220.0,210,214.8,220.0,210.0,6.7,4.5,-110,6.0,-103,6.0,-110,6.0,-105,6.5,-110,6.0,-110,5.83,-108.0,6.5,4.5,-103,-110,0.0,191.5,-110,189.5,-105,189.5,-110,189.5,-105,189,-110,189.5,-110,189.75,-108.33,191.5,189.0,-105,-110,93,-6,L,192
2015-04-29,home,Memphis,Portland,1610612763,0041400175,100.0,-190,-240,-255,-255,-260.0,-250,-252.0,-240.0,-260.0,93.3,-4.5,-110,-6.0,-107,-6.0,-110,-6.0,-105,-6.5,-110,-6.0,-110,-5.83,-108.67,-4.5,-6.5,-105,-110,100.0,191.5,-110,189.5,-105,189.5,-110,189.5,-105,189,-110,189.5,-110,189.75,-108.33,191.5,189.0,-105,-110,99,6,W,192
2015-04-30,away,Chicago,Milwaukee,1610612741,0041400126,59.7,-145,-170,-170,-170,-200.0,-175,-177.0,-170.0,-200.0,61.0,-2.5,-110,-3.5,-104,-4.0,-102,-4.0,-105,-4.5,-115,-3.5,-118,-3.67,-109.0,-2.5,-4.5,-102,-118,53.3,188.0,-110,188.5,-104,188.5,-103,188.5,-105,189,-105,189.0,-110,188.58,-106.17,189.0,188.0,-103,-110,120,54,W,186
2015-04-30,home,Milwaukee,Chicago,1610612749,0041400126,40.3,125,153,160,150,170.0,155,157.6,170.0,150.0,39.0,2.5,-110,3.5,-106,4.0,-108,4.0,-105,4.5,-105,3.5,-102,3.67,-106.0,4.5,2.5,-102,-110,46.7,188.0,-110,188.5,-106,188.5,-107,188.5,-105,189,-115,189.0,-110,188.58,-108.83,189.0,188.0,-105,-115,66,-54,L,186
2015-04-30,away,L.A. Clippers,San Antonio,1610612746,0041400166,46.7,200,216,200,190,215.0,205,205.2,216.0,190.0,0.0,5.5,-110,5.5,-103,5.5,-110,5.5,-105,5.5,-105,5.5,-105,5.5,-106.33,5.5,5.5,-103,-110,63.1,205.5,-110,206.5,-105,206.0,-110,206.5,-105,208,-105,206.5,-110,206.5,-107.5,208.0,205.5,-105,-110,102,6,W,198
2015-04-30,home,San Antonio,L.A. Clippers,1610612759,0041400166,53.3,-240,-242,-240,-225,-255.0,-245,-241.4,-225.0,-255.0,100.0,-5.5,-110,-5.5,-107,-5.5,-110,-5.5,-105,-5.5,-115,-5.5,-115,-5.5,-110.33,-5.5,-5.5,-105,-115,36.9,205.5,-110,206.5,-105,206.0,-110,206.5,-105,208,-115,206.5,-110,206.5,-109.17,208.0,205.5,-105,-115,96,-6,L,198
2015-05-01,away,Atlanta,Brooklyn,1610612737,0041400106,49.9,-195,-196,-200,-215,-220.0,-205,-207.2,-196.0,-220.0,51.9,-4.5,-110,-5.0,-102,-5.0,-105,-5.0,-105,-5.0,-115,-5.0,-110,-4.92,-107.83,-4.5,-5.0,-102,-115,45.0,200.5,-110,198.5,-102,198.5,-102,198.0,-105,199,-115,198.5,-110,198.83,-107.33,200.5,198.0,-102,-115,111,24,W,198
2015-05-01,home,Brooklyn,Atlanta,1610612751,0041400106,50.1,170,176,185,185,180.0,175,180.2,185.0,175.0,48.1,4.5,-110,5.0,-108,5.0,-105,5.0,-105,5.0,-105,5.0,-110,4.92,-107.17,5.0,4.5,-105,-110,55.0,200.5,-110,198.5,-113,198.5,-108,198.0,-105,199,-105,198.5,-110,198.83,-108.5,200.5,198.0,-105,-113,87,-24,L,198
2015-05-02,away,San Antonio,L.A. Clippers,1610612759,0041400167,56.9,120,132,130,130,,130,130.5,132.0,130.0,0.0,2.5,-110,3.0,-107,3.0,-109,2.5,-105,2.5,-115,3.0,-110,2.75,-109.33,3.0,2.5,-105,-115,57.8,204.5,-110,204.0,-106,204.0,-105,204.0,-105,205,-110,204.0,-110,204.25,-107.67,205.0,204.0,-105,-110,109,-2,L,220
2015-05-02,home,L.A. Clippers,San Antonio,1610612746,0041400167,43.1,-140,-146,-140,-150,,-150,-146.5,-140.0,-150.0,100.0,-2.5,-110,-3.0,-103,-3.0,-101,-2.5,-105,-2.5,-105,-3.0,-110,-2.75,-105.67,-2.5,-3.0,-101,-110,42.2,204.5,-110,204.0,-104,204.0,-105,204.0,-105,205,-110,204.0,-110,204.25,-107.33,205.0,204.0,-104,-110,111,2,W,220
2015-05-03,away,Washington,Atlanta,1610612764,0041400201,55.3,180,195,200,190,,185,192.5,200.0,185.0,53.7,5.5,-110,5.5,-105,5.5,-102,6.0,-105,5.0,-110,5.5,-112,5.5,-107.33,6.0,5.0,-102,-112,0.0,197.0,-110,197.0,-105,198.0,-108,198.5,-105,198,-110,197.5,-115,197.67,-108.83,198.5,197.0,-105,-115,104,6,W,202
2015-05-03,home,Atlanta,Washington,1610612737,0041400201,44.7,-210,-218,-220,-225,,-215,-219.5,-215.0,-225.0,46.3,-5.5,-110,-5.5,-105,-5.5,-108,-6.0,-105,-5.0,-110,-5.5,-108,-5.5,-107.67,-5.0,-6.0,-105,-110,100.0,197.0,-110,197.0,-105,198.0,-102,198.5,-105,198,-110,197.5,-105,197.67,-106.17,198.5,197.0,-102,-110,98,-6,L,202
2015-05-03,away,Memphis,Golden State,1610612763,0041400221,0.0,430,580,550,535,,560,556.25,580.0,535.0,0.0,9.5,-110,11.0,-107,10.5,-110,11.0,-105,10.0,-110,10.5,-105,10.42,-107.83,11.0,9.5,-105,-110,0.0,198.5,-110,196.0,-103,196.0,-110,196.0,-105,197,-105,196.0,-110,196.58,-107.17,198.5,196.0,-103,-110,86,-15,L,187
2015-05-03,home,Golden State,Memphis,1610612744,0041400221,100.0,-525,-715,-800,-685,,-725,-731.25,-685.0,-800.0,100.0,-9.5,-110,-11.0,-103,-10.5,-110,-11.0,-105,-10.0,-110,-10.5,-115,-10.42,-108.83,-9.5,-11.0,-103,-115,100.0,198.5,-110,196.0,-107,196.0,-110,196.0,-105,197,-115,196.0,-110,196.58,-109.5,198.5,196.0,-105,-115,101,15,W,187
2015-05-04,away,Chicago,Cleveland,1610612741,0041400211,53.5,180,173,170,165,165.0,170,168.6,173.0,165.0,54.8,5.0,-105,4.5,-100,4.5,-110,4.5,-105,4.5,-110,4.5,-105,4.58,-105.83,5.0,4.5,-100,-110,48.6,194.0,-110,195.0,-104,195.5,-110,195.5,-105,196,-110,195.0,-110,195.17,-108.17,196.0,194.0,-104,-110,99,7,W,191
2015-05-04,home,Cleveland,Chicago,1610612739,0041400211,46.5,-210,-193,-200,-190,-190.0,-195,-193.6,-190.0,-200.0,45.2,-5.0,-115,-4.5,-110,-4.5,-110,-4.5,-105,-4.5,-110,-4.5,-115,-4.58,-110.83,-4.5,-5.0,-105,-115,51.4,194.0,-110,195.0,-106,195.5,-110,195.5,-105,196,-110,195.0,-110,195.17,-108.5,196.0,194.0,-105,-110,92,-7,L,191
2015-05-04,away,L.A. Clippers,Houston,1610612746,0041400231,2.5,180,310,300,310,300.0,300,304.0,310.0,300.0,0.0,4.5,-110,7.5,-106,7.5,-110,8.0,-105,8.0,-105,7.5,-110,7.17,-107.67,8.0,4.5,-105,-110,55.6,212.0,-110,212.0,-103,212.5,-110,212.0,-105,213,-110,212.5,-110,212.33,-108.0,213.0,212.0,-103,-110,117,16,W,218
2015-05-04,home,Houston,L.A. Clippers,1610612745,0041400231,97.5,-210,-355,-360,-380,-400.0,-360,-371.0,-355.0,-400.0,100.0,-4.5,-110,-7.5,-104,-7.5,-110,-8.0,-105,-8.0,-115,-7.5,-110,-7.17,-109.0,-4.5,-8.0,-104,-115,44.4,212.0,-110,212.0,-107,212.5,-110,212.0,-105,213,-110,212.5,-110,212.33,-108.67,213.0,212.0,-105,-110,101,-16,L,218
2015-05-05,away,Washington,Atlanta,1610612764,0041400202,47.8,245,385,390,390,350.0,385,380.0,390.0,350.0,53.7,6.5,-110,9.0,-105,9.0,-110,9.5,-105,8.5,-105,9.5,-110,8.67,-107.5,9.5,6.5,-105,-110,44.8,198.5,-110,199.5,-110,199.0,-110,199.5,-105,199,-115,199.0,-110,199.08,-110.0,199.5,198.5,-105,-115,90,-16,L,196
2015-05-05,home,Atlanta,Washington,1610612737,0041400202,52.2,-290,-450,-490,-490,-500.0,-460,-478.0,-450.0,-500.0,46.3,-6.5,-110,-9.0,-105,-9.0,-110,-9.5,-105,-8.5,-115,-9.5,-110,-8.67,-109.17,-6.5,-9.5,-105,-115,55.2,198.5,-110,199.5,-100,199.0,-110,199.5,-105,199,-105,199.0,-110,199.08,-106.67,199.5,198.5,-100,-110,106,16,W,196
2015-05-05,away,Memphis,Golden State,1610612763,0041400222,8.3,455,538,550,490,425.0,510,502.6,550.0,425.0,48.6,10.0,-110,10.5,-110,10.0,-110,10.0,-105,10.0,-105,10.0,-105,10.08,-107.5,10.5,10.0,-105,-110,57.4,194.5,-110,198.5,-100,198.0,-110,198.5,-105,199,-115,198.5,-110,197.83,-108.33,199.0,194.5,-100,-115,97,7,W,187
2015-05-05,home,Golden State,Memphis,1610612744,0041400222,91.7,-560,-655,-800,-640,-650.0,-660,-681.0,-640.0,-800.0,51.4,-10.0,-110,-10.5,-100,-10.0,-110,-10.0,-105,-10.0,-115,-10.0,-115,-10.08,-109.17,-10.0,-10.5,-100,-115,42.6,194.5,-110,198.5,-110,198.0,-110,198.5,-105,199,-105,198.5,-110,197.83,-108.33,199.0,194.5,-105,-110,90,-7,L,187
2015-05-06,away,Chicago,Cleveland,1610612741,0041400212,48.6,220,214,225,220,215.0,210,216.8,225.0,210.0,49.0,5.5,-110,5.5,-102,5.5,-102,5.5,-105,6.0,-115,5.5,-110,5.58,-107.33,6.0,5.5,-102,-115,44.8,195.0,-110,194.5,-105,194.5,-105,194.5,-105,195,-110,194.5,-110,194.67,-107.5,195.0,194.5,-105,-110,91,-15,L,197
2015-05-06,home,Cleveland,Chicago,1610612739,0041400212,51.4,-260,-240,-245,-260,-255.0,-250,-250.0,-240.0,-260.0,51.0,-5.5,-110,-5.5,-108,-5.5,-108,-5.5,-105,-6.0,-105,-5.5,-110,-5.58,-107.67,-5.5,-6.0,-105,-110,55.2,195.0,-110,194.5,-105,194.5,-105,194.5,-105,195,-110,194.5,-110,194.67,-107.5,195.0,194.5,-105,-110,106,15,W,197
2015-05-06,away,L.A. Clippers,Houston,1610612746,0041400232,57.2,235,326,325,320,280.0,330,316.2,330.0,280.0,44.4,6.0,-105,8.0,-102,8.0,-110,8.5,-105,7.5,-100,8.0,-105,7.67,-104.5,8.5,6.0,-100,-110,45.4,213.0,-110,214.5,-102,214.5,-110,214.5,-105,215,-105,214.0,-110,214.25,-107.0,215.0,213.0,-102,-110,109,-6,L,224
2015-05-06,home,Houston,L.A. Clippers,1610612745,0041400232,42.8,-280,-375,-400,-400,-360.0,-400,-387.0,-360.0,-400.0,55.6,-6.0,-115,-8.0,-108,-8.0,-110,-8.5,-105,-7.5,-120,-8.0,-115,-7.67,-112.17,-6.0,-8.5,-105,-120,54.6,213.0,-110,214.5,-113,214.5,-110,214.5,-105,215,-115,214.0,-110,214.25,-110.5,215.0,213.0,-105,-115,115,6,W,224
2015-05-08,away,Cleveland,Chicago,1610612739,0041400213,58.6,100,126,125,125,,125,125.25,126.0,125.0,52.7,-1.0,-110,2.5,-103,2.5,-105,3.0,-105,1.5,-105,2.5,-105,1.83,-105.5,3.0,-1.0,-103,-110,43.2,194.0,-110,194.5,-107,194.5,-105,194.5,-105,195,-110,194.5,-110,194.5,-107.83,195.0,194.0,-105,-110,96,-3,L,195
2015-05-08,home,Chicago,Cleveland,1610612741,0041400213,41.4,-120,-139,-135,-145,,-145,-141.0,-135.0,-145.0,47.3,1.0,-110,-2.5,-107,-2.5,-105,-3.0,-105,-1.5,-115,-2.5,-115,-1.83,-109.5,1.0,-3.0,-105,-115,56.8,194.0,-110,194.5,-103,194.5,-105,194.5,-105,195,-110,194.5,-110,194.5,-107.17,195.0,194.0,-103,-110,99,3,W,195
2015-05-08,away,Houston,L.A. Clippers,1610612745,0041400233,0.0,130,210,215,210,200.0,210,209.0,215.0,200.0,0.0,2.5,-108,6.0,-102,6.5,-110,6.0,-105,6.0,-110,6.5,-115,5.58,-108.33,6.5,2.5,-102,-115,36.8,217.0,-110,215.5,-109,215.5,-110,215.5,-105,216,-115,215.5,-110,215.83,-109.83,217.0,215.5,-105,-115,99,-25,L,223
2015-05-08,home,L.A. Clippers,Houston,1610612746,0041400233,100.0,-150,-235,-255,-260,-240.0,-250,-248.0,-235.0,-260.0,100.0,-2.5,-112,-6.0,-108,-6.5,-110,-6.0,-105,-6.0,-110,-6.5,-105,-5.58,-108.33,-2.5,-6.5,-105,-112,63.2,217.0,-110,215.5,-101,215.5,-110,215.5,-105,216,-105,215.5,-110,215.83,-106.83,217.0,215.5,-101,-110,124,25,W,223
2015-05-09,away,Atlanta,Washington,1610612737,0041400203,59.3,110,-180,-170,-185,-200.0,-190,-185.0,-170.0,-200.0,54.1,2.5,-110,-4.0,-106,-4.0,-103,-4.0,-105,-5.0,-105,-4.0,-115,-3.08,-107.33,2.5,-5.0,-103,-115,38.7,198.0,-110,196.5,-105,197.5,-105,196.5,-105,197,-110,196.5,-110,197.0,-107.5,198.0,196.5,-105,-110,101,-2,L,204
2015-05-09,home,Washington,Atlanta,1610612764,0041400203,40.7,-130,162,160,160,170.0,165,163.4,170.0,160.0,45.9,-2.5,-110,4.0,-104,4.0,-107,4.0,-105,5.0,-115,4.0,-105,3.08,-107.67,5.0,-2.5,-104,-115,61.3,198.0,-110,196.5,-105,197.5,-105,196.5,-105,197,-110,196.5,-110,197.0,-107.5,198.0,196.5,-105,-110,103,2,W,204
2015-05-09,away,Golden State,Memphis,1610612744,0041400223,8.3,-190,-187,-190,-185,-210.0,-195,-193.4,-185.0,-210.0,52.0,-3.5,-110,-4.5,-103,-4.5,-110,-4.0,-105,-5.0,-105,-4.5,-110,-4.33,-107.17,-3.5,-5.0,-103,-110,50.0,196.0,-110,196.5,-104,196.5,-110,196.5,-105,197,-110,196.5,-110,196.5,-108.17,197.0,196.0,-104,-110,89,-10,L,188
2015-05-09,home,Memphis,Golden State,1610612763,0041400223,91.7,165,168,165,160,175.0,170,167.6,175.0,160.0,48.0,3.5,-110,4.5,-107,4.5,-110,4.0,-105,5.0,-115,4.5,-110,4.33,-109.5,5.0,3.5,-105,-115,50.0,196.0,-110,196.5,-106,196.5,-110,196.5,-105,197,-110,196.5,-110,196.5,-108.5,197.0,196.0,-105,-110,99,10,W,188
2015-05-10,away,Cleveland,Chicago,1610612739,0041400214,0.0,-125,-157,-150,-160,-170.0,-150,-157.4,-150.0,-170.0,60.9,1.0,-115,-3.0,-110,-3.0,-104,-3.0,-105,-3.5,-115,-3.0,-105,-2.42,-109.0,1.0,-3.5,-104,-115,56.8,195.0,-110,194.0,-105,194.0,-105,194.0,-105,195,-110,194.0,-110,194.33,-107.5,195.0,194.0,-105,-110,86,2,W,170
2015-05-10,home,Chicago,Cleveland,1610612741,0041400214,100.0,105,142,140,140,150.0,130,140.4,150.0,130.0,39.1,-1.0,-105,3.0,-100,3.0,-106,3.0,-105,3.5,-105,3.0,-115,2.42,-106.0,3.5,-1.0,-100,-115,43.2,195.0,-110,194.0,-105,194.0,-105,194.0,-105,195,-110,194.0,-110,194.33,-107.5,195.0,194.0,-105,-110,84,-2,L,170
2015-05-10,away,Houston,L.A. Clippers,1610612745,0041400234,61.3,285,252,255,240,220.0,235,240.4,255.0,220.0,56.5,7.5,-110,6.5,-104,6.5,-101,6.5,-105,6.5,-115,6.5,-110,6.67,-107.5,7.5,6.5,-101,-115,55.6,217.0,-110,217.5,-104,217.5,-105,217.5,-105,218,-110,217.5,-110,217.5,-107.33,218.0,217.0,-104,-110,95,-33,L,223
2015-05-10,home,L.A. Clippers,Houston,1610612746,0041400234,38.7,-340,-285,-280,-300,-260.0,-280,-281.0,-260.0,-300.0,43.5,-7.5,-110,-6.5,-106,-6.5,-109,-6.5,-105,-6.5,-105,-6.5,-110,-6.67,-107.5,-6.5,-7.5,-105,-110,44.4,217.0,-110,217.5,-106,217.5,-105,217.5,-105,218,-110,217.5,-110,217.5,-107.67,218.0,217.0,-105,-110,128,33,W,223
2015-05-11,away,Atlanta,Washington,1610612737,0041400204,51.6,-190,-190,-200,-195,-210.0,-205,-200.0,-190.0,-210.0,45.8,-3.5,-110,-4.5,-108,-4.5,-110,-5.0,-105,-5.0,-105,-4.5,-110,-4.5,-108.0,-3.5,-5.0,-105,-110,44.7,198.5,-110,198.0,-102,198.0,-110,198.0,-105,198,-105,198.0,-110,198.08,-107.0,198.5,198.0,-102,-110,106,5,W,207
2015-05-11,home,Washington,Atlanta,1610612764,0041400204,48.4,165,171,170,170,175.0,175,172.2,175.0,170.0,54.2,3.5,-110,4.5,-102,4.5,-110,5.0,-105,5.0,-115,4.5,-110,4.5,-108.67,5.0,3.5,-102,-115,55.3,198.5,-110,198.0,-108,198.0,-110,198.0,-105,198,-115,198.0,-110,198.08,-109.67,198.5,198.0,-105,-115,101,-5,L,207
2015-05-11,away,Golden State,Memphis,1610612744,0041400224,40.0,-210,-177,-175,-175,-190.0,-180,-179.4,-175.0,-190.0,36.6,-5.0,-110,-3.5,-109,-4.0,-110,-4.0,-105,-4.5,-110,-4.0,-105,-4.17,-108.17,-3.5,-5.0,-105,-110,47.4,196.0,-110,196.0,-105,196.0,-110,196.5,-105,196,-115,196.0,-110,196.08,-109.17,196.5,196.0,-105,-115,101,17,W,185
2015-05-11,home,Memphis,Golden State,1610612763,0041400224,60.0,180,159,155,155,165.0,160,158.8,165.0,155.0,63.4,5.0,-110,3.5,-101,4.0,-110,4.0,-105,4.5,-110,4.0,-115,4.17,-108.5,5.0,3.5,-101,-115,52.6,196.0,-110,196.0,-105,196.0,-110,196.5,-105,196,-105,196.0,-110,196.08,-107.5,196.5,196.0,-105,-110,84,-17,L,185
2015-05-12,away,Chicago,Cleveland,1610612741,0041400215,29.3,195,213,210,205,205.0,205,207.6,213.0,205.0,52.6,5.5,-110,5.5,-103,5.5,-110,5.5,-105,5.5,-115,5.5,-110,5.5,-108.83,5.5,5.5,-103,-115,62.7,192.0,-110,190.5,-110,190.5,-110,191.5,-105,191,-110,191.0,-110,191.08,-109.17,192.0,190.5,-105,-110,101,-5,L,207
2015-05-12,home,Cleveland,Chicago,1610612739,0041400215,70.7,-225,-239,-250,-240,-245.0,-245,-243.8,-239.0,-250.0,47.4,-5.5,-110,-5.5,-107,-5.5,-110,-5.5,-105,-5.5,-105,-5.5,-110,-5.5,-107.83,-5.5,-5.5,-105,-110,37.3,192.0,-110,190.5,-100,190.5,-110,191.5,-105,191,-110,191.0,-110,191.08,-107.5,192.0,190.5,-100,-110,106,5,W,207
2015-05-12,away,L.A. Clippers,Houston,1610612746,0041400235,0.0,-125,-140,-150,-140,-150.0,-150,-146.0,-140.0,-150.0,70.7,1.5,-110,-2.5,-108,-3.0,-110,-2.5,-105,-3.5,-110,-3.0,-105,-2.17,-108.0,1.5,-3.5,-105,-110,64.3,219.0,-110,219.0,-100,219.0,-110,219.0,-105,219,-115,219.0,-110,219.0,-108.33,219.0,219.0,-100,-115,103,-21,L,227
2015-05-12,home,Houston,L.A. Clippers,1610612745,0041400235,100.0,105,127,130,120,130.0,130,127.4,130.0,120.0,29.3,-1.5,-110,2.5,-102,3.0,-110,2.5,-105,3.5,-110,3.0,-115,2.17,-108.67,3.5,-1.5,-102,-115,35.7,219.0,-110,219.0,-110,219.0,-110,219.0,-105,219,-105,219.0,-110,219.0,-108.33,219.0,219.0,-105,-110,124,21,W,227
2015-05-13,away,Washington,Atlanta,1610612764,0041400205,51.1,340,277,255,265,250.0,265,262.4,277.0,250.0,56.0,9.0,-110,7.0,-104,7.0,-110,7.0,-105,7.0,-115,7.0,-110,7.33,-109.0,9.0,7.0,-104,-115,0.0,199.5,-110,200.5,-107,200.5,-110,200.5,-105,201,-110,201.0,-110,200.5,-108.67,201.0,199.5,-105,-110,81,-1,L,163
2015-05-13,home,Atlanta,Washington,1610612737,0041400205,48.9,-410,-315,-310,-325,-300.0,-315,-313.0,-300.0,-325.0,44.0,-9.0,-110,-7.0,-106,-7.0,-110,-7.0,-105,-7.0,-105,-7.0,-110,-7.33,-107.67,-7.0,-9.0,-105,-110,100.0,199.5,-110,200.5,-103,200.5,-110,200.5,-105,201,-110,201.0,-110,200.5,-108.0,201.0,199.5,-103,-110,82,1,W,163
2015-05-13,away,Memphis,Golden State,1610612763,0041400225,50.0,405,487,450,465,425.0,455,456.4,487.0,425.0,50.1,9.5,-110,10.0,-104,10.0,-110,10.0,-105,9.5,-105,10.0,-105,9.83,-106.5,10.0,9.5,-104,-110,55.7,195.0,-110,198.0,-103,198.0,-110,198.5,-105,197,-115,198.0,-110,197.42,-108.83,198.5,195.0,-103,-115,78,-20,L,176
2015-05-13,home,Golden State,Memphis,1610612744,0041400225,50.0,-500,-585,-600,-590,-650.0,-560,-597.0,-560.0,-650.0,49.9,-9.5,-110,-10.0,-115,-10.0,-110,-10.0,-105,-9.5,-115,-10.0,-115,-9.83,-111.67,-9.5,-10.0,-105,-115,44.3,195.0,-110,198.0,-107,198.0,-110,198.5,-105,197,-105,198.0,-110,197.42,-107.83,198.5,195.0,-105,-110,98,20,W,176
2015-05-14,away,Cleveland,Chicago,1610612739,0041400216,47.5,-102,124,120,120,,118,120.5,124.0,118.0,0.0,0.0,-110,2.5,-106,2.0,-102,2.5,-105,2.5,-115,2.0,-105,1.92,-107.17,2.5,0.0,-102,-115,44.8,192.5,-110,192.5,-103,193.0,-108,192.5,-105,193,-110,192.5,-110,192.67,-107.67,193.0,192.5,-103,-110,94,21,W,167
2015-05-14,home,Chicago,Cleveland,1610612741,0041400216,52.5,-118,-137,-130,-140,,-138,-136.25,-130.0,-140.0,100.0,0.0,-110,-2.5,-104,-2.0,-108,-2.5,-105,-2.5,-105,-2.0,-115,-1.92,-107.83,0.0,-2.5,-104,-115,55.2,192.5,-110,192.5,-107,193.0,-102,192.5,-105,193,-110,192.5,-110,192.67,-107.33,193.0,192.5,-102,-110,73,-21,L,167
2015-05-14,away,Houston,L.A. Clippers,1610612745,0041400236,9.1,290,375,330,365,320.0,370,352.0,375.0,320.0,14.3,7.5,-110,8.5,-103,8.5,-110,8.5,-105,8.5,-110,8.5,-110,8.33,-108.0,8.5,7.5,-103,-110,0.0,219.0,-110,220.0,-103,220.0,-110,220.0,-105,220,-110,220.0,-110,219.83,-108.0,220.0,219.0,-103,-110,119,12,W,226
2015-05-14,home,L.A. Clippers,Houston,1610612746,0041400236,90.9,-350,-437,-410,-455,-440.0,-440,-436.4,-410.0,-455.0,85.7,-7.5,-110,-8.5,-107,-8.5,-110,-8.5,-105,-8.5,-110,-8.5,-110,-8.33,-108.67,-7.5,-8.5,-105,-110,100.0,219.0,-110,220.0,-107,220.0,-110,220.0,-105,220,-110,220.0,-110,219.83,-108.67,220.0,219.0,-105,-110,107,-12,L,226
2015-05-15,away,Atlanta,Washington,1610612737,0041400206,44.8,125,126,120,125,125.0,120,123.2,126.0,120.0,32.0,2.5,-110,2.5,-103,2.5,-110,2.5,-105,3.0,-110,2.5,-110,2.58,-108.0,3.0,2.5,-103,-110,41.2,198.0,-110,197.0,-102,197.0,-110,196.0,-105,197,-110,197.0,-105,197.0,-107.0,198.0,196.0,-102,-110,94,3,W,185
2015-05-15,home,Washington,Atlanta,1610612764,0041400206,55.2,-145,-139,-140,-145,-145.0,-140,-141.8,-139.0,-145.0,68.0,-2.5,-110,-2.5,-107,-2.5,-110,-2.5,-105,-3.0,-110,-2.5,-110,-2.58,-108.67,-2.5,-3.0,-105,-110,58.8,198.0,-110,197.0,-113,197.0,-110,196.0,-105,197,-110,197.0,-115,197.0,-110.5,198.0,196.0,-105,-115,91,-3,L,185
2015-05-15,away,Golden State,Memphis,1610612744,0041400226,48.1,-210,-213,-220,-220,-225.0,-220,-219.6,-213.0,-225.0,56.2,-5.0,-110,-5.0,-109,-5.0,-110,-5.5,-105,-5.5,-105,-5.0,-115,-5.17,-109.0,-5.0,-5.5,-105,-115,39.0,194.5,-110,193.5,-106,193.0,-110,193.5,-105,193,-115,193.0,-110,193.42,-109.33,194.5,193.0,-105,-115,108,13,W,203
2015-05-15,home,Memphis,Golden State,1610612763,0041400226,51.9,180,191,180,190,185.0,190,187.2,191.0,180.0,43.8,5.0,-110,5.0,-101,5.0,-110,5.5,-105,5.5,-115,5.0,-105,5.17,-107.67,5.5,5.0,-101,-115,61.0,194.5,-110,193.5,-104,193.0,-110,193.5,-105,193,-105,193.0,-110,193.42,-107.33,194.5,193.0,-104,-110,95,-13,L,203
2015-05-17,away,L.A. Clippers,Houston,1610612746,0041400237,40.5,-130,-133,-140,-130,,-139,-135.5,-130.0,-140.0,53.4,-2.0,-110,-2.5,-100,-2.5,-110,-2.0,-105,-2.5,-115,-2.0,-115,-2.25,-109.17,-2.0,-2.5,-100,-115,54.6,220.0,-110,219.0,-103,219.5,-110,219.0,-105,220,-110,219.0,-110,219.42,-108.0,220.0,219.0,-103,-110,100,-13,L,213
2015-05-17,home,Houston,L.A. Clippers,1610612745,0041400237,59.5,110,120,120,110,,119,117.25,120.0,110.0,46.6,2.0,-110,2.5,-110,2.5,-110,2.0,-105,2.5,-105,2.0,-105,2.25,-107.5,2.5,2.0,-105,-110,45.4,220.0,-110,219.0,-107,219.5,-110,219.0,-105,220,-110,219.0,-110,219.42,-108.67,220.0,219.0,-105,-110,113,13,W,213
2015-05-19,away,Houston,Golden State,1610612745,0041400311,61.3,435,534,475,470,375.0,500,470.8,534.0,375.0,49.9,10.0,-110,10.5,-103,10.5,-110,10.5,-105,10.0,-105,10.5,-110,10.33,-107.17,10.5,10.0,-103,-110,46.7,218.5,-110,220.0,-105,220.0,-110,220.0,-105,220,-115,220.0,-110,219.75,-109.17,220.0,218.5,-105,-115,106,-4,L,216
2015-05-19,home,Golden State,Houston,1610612744,0041400311,38.7,-530,-650,-650,-620,-550.0,-625,-619.0,-550.0,-650.0,50.1,-10.0,-110,-10.5,-107,-10.5,-110,-10.5,-105,-10.0,-115,-10.5,-110,-10.33,-109.5,-10.0,-10.5,-105,-115,53.3,218.5,-110,220.0,-105,220.0,-110,220.0,-105,220,-105,220.0,-110,219.75,-107.5,220.0,218.5,-105,-110,110,4,W,216
2015-05-20,away,Cleveland,Atlanta,1610612739,0041400301,59.0,-102,122,120,120,,113,118.75,122.0,113.0,53.7,0.0,-110,2.5,-106,2.0,-101,2.0,-105,-1.0,-105,2.0,-110,1.25,-106.17,2.5,-1.0,-101,-110,39.5,197.5,-110,199.5,-105,199.5,-105,200.0,-105,199,-110,199.5,-110,199.17,-107.5,200.0,197.5,-105,-110,97,8,W,186
2015-05-20,home,Atlanta,Cleveland,1610612737,0041400301,41.0,-118,-135,-130,-140,,-133,-134.5,-130.0,-140.0,46.3,0.0,-110,-2.5,-104,-2.0,-109,-2.0,-105,1.0,-115,-2.0,-110,-1.25,-108.83,1.0,-2.5,-104,-115,60.5,197.5,-110,199.5,-105,199.5,-105,200.0,-105,199,-110,199.5,-110,199.17,-107.5,200.0,197.5,-105,-110,89,-8,L,186
2015-05-21,away,Houston,Golden State,1610612745,0041400312,66.1,500,416,435,405,325.0,405,397.2,435.0,325.0,54.1,10.5,-110,9.5,-101,9.5,-101,9.5,-105,9.5,-115,9.5,-110,9.67,-107.0,10.5,9.5,-101,-115,44.3,220.0,-110,218.5,-110,219.5,-102,219.5,-105,219,-115,219.0,-110,219.25,-108.67,220.0,218.5,-102,-115,98,-1,L,197
2015-05-21,home,Golden State,Houston,1610612744,0041400312,33.9,-650,-490,-500,-530,-450.0,-500,-494.0,-450.0,-530.0,45.9,-10.5,-110,-9.5,-109,-9.5,-109,-9.5,-105,-9.5,-105,-9.5,-110,-9.67,-108.0,-9.5,-10.5,-105,-110,55.7,220.0,-110,218.5,-100,219.5,-108,219.5,-105,219,-105,219.0,-110,219.25,-106.33,220.0,218.5,-100,-110,99,1,W,197
2015-05-22,away,Cleveland,Atlanta,1610612739,0041400302,54.6,100,151,145,135,,145,144.0,151.0,135.0,53.6,-1.5,-110,4.0,-107,3.5,-110,3.0,-105,3.0,-115,3.5,-105,2.58,-108.67,4.0,-1.5,-105,-115,35.7,197.5,-110,193.0,-108,193.0,-110,193.5,-105,193,-110,193.0,-110,193.83,-108.83,197.5,193.0,-105,-110,94,12,W,176
2015-05-22,home,Atlanta,Cleveland,1610612737,0041400302,45.4,-120,-167,-165,-155,,-165,-163.0,-155.0,-167.0,46.4,1.5,-110,-4.0,-103,-3.5,-110,-3.0,-105,-3.0,-105,-3.5,-115,-2.58,-108.0,1.5,-4.0,-103,-115,64.3,197.5,-110,193.0,-102,193.0,-110,193.5,-105,193,-110,193.0,-110,193.83,-107.83,197.5,193.0,-102,-110,82,-12,L,176
2015-05-23,away,Golden State,Houston,1610612744,0041400313,3.0,-122,110,108,105,,105,107.0,110.0,105.0,42.3,-1.0,-110,1.5,-103,1.5,-108,1.5,-105,1.5,-105,1.5,-110,1.08,-106.83,1.5,-1.0,-103,-110,15.4,217.0,-110,216.5,-106,217.0,-102,217.0,-105,216,-115,217.0,-110,216.75,-108.0,217.0,216.0,-102,-115,115,35,W,195
2015-05-23,home,Houston,Golden State,1610612745,0041400313,97.0,102,-121,-118,-125,,-125,-122.25,-118.0,-125.0,57.7,1.0,-110,-1.5,-107,-1.5,-102,-1.5,-105,-1.5,-115,-1.5,-110,-1.08,-108.17,1.0,-1.5,-102,-115,84.6,217.0,-110,216.5,-104,217.0,-108,217.0,-105,216,-105,217.0,-110,216.75,-107.0,217.0,216.0,-104,-110,80,-35,L,195
2015-05-24,away,Atlanta,Cleveland,1610612737,0041400303,12.5,330,340,340,335,350.0,330,339.0,350.0,330.0,41.1,7.5,-110,8.0,-106,8.0,-110,8.0,-105,8.5,-105,8.0,-110,8.0,-107.67,8.5,7.5,-105,-110,0.0,190.0,-110,190.5,-105,190.5,-110,190.5,-105,190,-105,190.0,-110,190.25,-107.5,190.5,190.0,-105,-110,111,-3,L,225
2015-05-24,home,Cleveland,Atlanta,1610612739,0041400303,87.5,-400,-393,-425,-415,-500.0,-400,-426.6,-393.0,-500.0,58.9,-7.5,-110,-8.0,-104,-8.0,-110,-8.0,-105,-8.5,-115,-8.0,-110,-8.0,-109.0,-7.5,-8.5,-104,-115,100.0,190.0,-110,190.5,-105,190.5,-110,190.5,-105,190,-115,190.0,-110,190.25,-109.17,190.5,190.0,-105,-115,114,3,W,225
2015-05-25,away,Golden State,Houston,1610612744,0041400314,42.7,-190,-177,-185,-180,-180.0,-180,-180.4,-177.0,-185.0,49.3,-4.5,-110,-4.5,-100,-4.5,-110,-4.5,-105,-5.0,-115,-4.5,-110,-4.58,-108.33,-4.5,-5.0,-100,-115,0.0,214.0,-110,213.5,-103,214.5,-110,214.0,-105,214,-115,214.0,-107,214.0,-108.33,214.5,213.5,-103,-115,115,-13,L,243
2015-05-25,home,Houston,Golden State,1610612745,0041400314,57.3,165,159,160,155,160.0,160,158.8,160.0,155.0,50.7,4.5,-110,4.5,-110,4.5,-110,4.5,-105,5.0,-105,4.5,-110,4.58,-108.33,5.0,4.5,-105,-110,100.0,214.0,-110,213.5,-107,214.5,-110,214.0,-105,214,-105,214.0,-113,214.0,-108.33,214.5,213.5,-105,-113,128,13,W,243
2015-05-26,away,Atlanta,Cleveland,1610612737,0041400304,57.7,350,300,280,260,265.0,285,278.0,300.0,260.0,55.5,8.5,-110,7.5,-107,7.5,-110,7.0,-105,7.5,-115,7.5,-110,7.58,-109.5,8.5,7.0,-105,-115,56.4,193.5,-110,195.5,-106,195.5,-110,196.0,-105,196,-115,195.5,-110,195.33,-109.33,196.0,193.5,-105,-115,88,-30,L,206
2015-05-26,home,Cleveland,Atlanta,1610612739,0041400304,42.3,-420,-343,-340,-320,-330.0,-340,-334.6,-320.0,-343.0,44.5,-8.5,-110,-7.5,-103,-7.5,-110,-7.0,-105,-7.5,-105,-7.5,-110,-7.58,-107.17,-7.0,-8.5,-103,-110,43.6,193.5,-110,195.5,-104,195.5,-110,196.0,-105,196,-105,195.5,-110,195.33,-107.33,196.0,193.5,-104,-110,118,30,W,206
2015-05-27,away,Houston,Golden State,1610612745,0041400315,63.2,485,447,425,435,350.0,435,418.4,447.0,350.0,55.5,10.5,-110,9.5,-105,9.5,-110,9.5,-105,9.5,-115,9.5,-110,9.67,-109.17,10.5,9.5,-105,-115,47.1,215.5,-110,216.5,-108,216.5,-110,217.0,-105,218,-110,217.0,-110,216.75,-108.83,218.0,215.5,-105,-110,90,-14,L,194
2015-05-27,home,Golden State,Houston,1610612744,0041400315,36.8,-610,-531,-550,-560,-500.0,-530,-534.2,-500.0,-560.0,44.5,-10.5,-110,-9.5,-105,-9.5,-110,-9.5,-105,-9.5,-105,-9.5,-110,-9.67,-107.5,-9.5,-10.5,-105,-110,52.9,215.5,-110,216.5,-102,216.5,-110,217.0,-105,218,-110,217.0,-110,216.75,-107.83,218.0,215.5,-102,-110,104,14,W,194
2015-06-04,away,Cleveland,Golden State,1610612739,0041400401,68.9,220,216,200,200,175.0,205,199.2,216.0,175.0,61.4,6.5,-115,6.0,-105,5.5,-110,5.5,-105,5.5,-115,6.0,-110,5.83,-110.0,6.5,5.5,-105,-115,50.9,203.5,-110,203.5,-105,203.5,-110,204.0,-105,205,-105,203.5,-110,203.83,-107.5,205.0,203.5,-105,-110,100,-8,L,208
2015-06-04,home,Golden State,Cleveland,1610612744,0041400401,31.1,-260,-242,-240,-240,-210.0,-245,-235.4,-210.0,-245.0,38.6,-6.5,-105,-6.0,-105,-5.5,-110,-5.5,-105,-5.5,-105,-6.0,-110,-5.83,-106.67,-5.5,-6.5,-105,-110,49.1,203.5,-110,203.5,-105,203.5,-110,204.0,-105,205,-115,203.5,-110,203.83,-109.17,205.0,203.5,-105,-115,108,8,W,208
2015-06-07,away,Cleveland,Golden State,1610612739,0041400402,52.0,230,290,280,235,270.0,270,269.0,290.0,235.0,34.5,6.5,-110,7.5,-102,7.5,-110,7.0,-110,7.5,-115,7.5,-115,7.25,-110.33,7.5,6.5,-102,-115,54.0,201.5,-110,199.0,-105,199.0,-110,200.0,-105,201,-115,199.0,-115,199.92,-110.0,201.5,199.0,-105,-115,95,2,W,188
2015-06-07,home,Golden State,Cleveland,1610612744,0041400402,48.0,-275,-331,-340,-305,-340.0,-325,-328.2,-305.0,-340.0,65.5,-6.5,-110,-7.5,-108,-7.5,-110,-7.0,-100,-7.5,-105,-7.5,-105,-7.25,-106.33,-6.5,-7.5,-100,-110,46.0,201.5,-110,199.0,-105,199.0,-110,200.0,-105,201,-105,199.0,-105,199.92,-106.67,201.5,199.0,-105,-110,93,-2,L,188
2015-06-09,away,Golden State,Cleveland,1610612744,0041400403,53.4,-105,-125,-130,-125,,-130,-127.5,-125.0,-130.0,53.5,1.0,-110,-2.0,-103,-2.0,-110,-1.5,-105,-2.5,-115,-2.0,-110,-1.5,-108.83,1.0,-2.5,-103,-115,57.6,194.5,-110,194.5,-103,195.0,-110,195.0,-105,196,-110,194.5,-107,194.92,-107.5,196.0,194.5,-103,-110,91,-5,L,187
2015-06-09,home,Cleveland,Golden State,1610612739,0041400403,46.6,-115,113,110,105,,110,109.5,113.0,105.0,46.5,-1.0,-110,2.0,-107,2.0,-110,1.5,-105,2.5,-105,2.0,-110,1.5,-107.83,2.5,-1.0,-105,-110,42.4,194.5,-110,194.5,-107,195.0,-110,195.0,-105,196,-110,194.5,-113,194.92,-109.17,196.0,194.5,-105,-113,96,5,W,187
2015-06-11,away,Golden State,Cleveland,1610612744,0041400404,0.0,-105,-181,-185,-175,-175.0,-190,-181.2,-175.0,-190.0,50.3,1.0,-110,-4.5,-102,-4.0,-110,-4.5,-100,-3.5,-120,-4.0,-115,-3.25,-109.5,1.0,-4.5,-100,-120,44.9,194.5,-110,195.0,-105,194.5,-110,195.5,-105,195,-115,195.0,-110,194.92,-109.17,195.5,194.5,-105,-115,103,21,W,185
2015-06-11,home,Cleveland,Golden State,1610612739,0041400404,100.0,-115,163,160,150,155.0,165,158.6,165.0,150.0,49.7,-1.0,-110,4.5,-108,4.0,-110,4.5,-110,3.5,-100,4.0,-105,3.25,-107.17,4.5,-1.0,-100,-110,55.1,194.5,-110,195.0,-105,194.5,-110,195.5,-105,195,-105,195.0,-110,194.92,-107.5,195.5,194.5,-105,-110,82,-21,L,185
2015-06-14,away,Cleveland,Golden State,1610612739,0041400405,65.3,340,373,375,360,290.0,370,353.6,375.0,290.0,59.3,8.5,-110,9.5,-105,9.5,-110,9.5,-105,8.5,-115,9.5,-110,9.17,-109.17,9.5,8.5,-105,-115,41.4,195.5,-110,194.5,-107,195.0,-110,195.5,-105,195,-115,195.0,-110,195.08,-109.5,195.5,194.5,-105,-115,91,-13,L,195
2015-06-14,home,Golden State,Cleveland,1610612744,0041400405,34.7,-410,-435,-470,-460,-380.0,-440,-437.0,-380.0,-470.0,40.7,-8.5,-110,-9.5,-105,-9.5,-110,-9.5,-105,-8.5,-105,-9.5,-110,-9.17,-107.5,-8.5,-9.5,-105,-110,58.6,195.5,-110,194.5,-103,195.0,-110,195.5,-105,195,-105,195.0,-110,195.08,-107.17,195.5,194.5,-103,-110,104,13,W,195
2015-06-16,away,Golden State,Cleveland,1610612744,0041400406,32.5,-190,-138,-150,-140,-140.0,-143,-142.2,-138.0,-150.0,45.3,-4.0,-110,-3.0,-103,-3.0,-110,-2.5,-110,-3.5,-105,-3.0,-110,-3.17,-108.0,-2.5,-4.0,-103,-110,34.6,195.0,-110,193.5,-100,193.5,-110,194.0,-105,194,-110,193.5,-110,193.92,-107.5,195.0,193.5,-100,-110,105,8,W,202
2015-06-16,home,Cleveland,Golden State,1610612739,0041400406,67.5,165,125,130,120,120.0,123,123.6,130.0,120.0,54.7,4.0,-110,3.0,-107,3.0,-110,2.5,-100,3.5,-115,3.0,-110,3.17,-108.67,4.0,2.5,-100,-115,65.4,195.0,-110,193.5,-110,193.5,-110,194.0,-105,194,-110,193.5,-110,193.92,-109.17,195.0,193.5,-105,-110,97,-8,L,202
