Date,Location,Team,OppTeam,TeamId,GameId,PercentBet_ML,Open_Line_ML,Pinnacle_ML,5dimes_ML,Heritage_ML,Bovada_ML,Betonline_ML,Average_Line_ML,Best_Line_ML,Worst_Line_ML,PercentBet_Spread,Open_Line_Spread,Open_Odds_Spread,Pinnacle_Line_Spread,Pinnacle_Odds_Spread,5dimes_Line_Spread,5dimes_Odds_Spread,Heritage_Line_Spread,Heritage_Odds_Spread,Bovada_Line_Spread,Bovada_Odds_Spread,Betonline_Line_Spread,Betonline_Odds_Spread,Average_Line_Spread,Average_Odds_Spread,Best_Line_Spread,Worst_Line_Spread,Best_Odds_Spread,Worst_Odds_Spread,PercentBet_OU,Open_Line_OU,Open_Odds_OU,Pinnacle_Line_OU,Pinnacle_Odds_OU,5dimes_Line_OU,5dimes_Odds_OU,Heritage_Line_OU,Heritage_Odds_OU,Bovada_Line_OU,Bovada_Odds_OU,Betonline_Line_OU,Betonline_Odds_OU,Average_Line_OU,Average_Odds_OU,Best_Line_OU,Worst_Line_OU,Best_Odds_OU,Worst_Odds_OU,Pts,Spread,Result,Total
2013-04-20,away,Boston,New York,1610612738,0041200111,42.8,250,300,305,300,280.0,290,295.0,305.0,280.0,52.1,7.5,-110,7.5,-108,7.5,-109,7.5,-110,7.5,-115,7.5,-110,7.5,-110.33,7.5,7.5,-108,-115,41.2,192.5,-110,188.5,-105.0,189.0,-108,189.0,-110,189,-110,189.0,-105,189.5,-108.0,192.5,188.5,-105.0,-110,78,-7,L,163
2013-04-20,home,New York,Boston,1610612752,0041200111,57.2,-300,-343,-335,-360,-360.0,-350,-349.6,-335.0,-360.0,47.9,-7.5,-110,-7.5,-102,-7.5,-101,-7.5,-110,-7.5,-105,-7.5,-110,-7.5,-106.33,-7.5,-7.5,-101,-110,58.8,192.5,-110,188.5,-105.0,189.0,-102,189.0,-110,189,-110,189.0,-115,189.5,-108.67,192.5,188.5,-102.0,-115,85,7,W,163
2013-04-20,away,Chicago,Brooklyn,1610612741,0041200131,52.8,170,163,170,165,165.0,165,165.6,170.0,163.0,55.4,4.5,-110,4.5,-108,4.5,-108,4.5,-110,4.5,-115,4.5,-110,4.5,-110.17,4.5,4.5,-108,-115,41.1,184.0,-110,181.5,-100.0,181.5,-105,181.0,-110,181,-115,181.5,-110,181.75,-108.33,184.0,181.0,-100.0,-115,89,-17,L,195
2013-04-20,home,Brooklyn,Chicago,1610612751,0041200131,47.2,-195,-181,-185,-190,-190.0,-190,-187.2,-181.0,-190.0,44.6,-4.5,-110,-4.5,-102,-4.5,-102,-4.5,-110,-4.5,-105,-4.5,-110,-4.5,-106.5,-4.5,-4.5,-102,-110,58.9,184.0,-110,181.5,-110.0,181.5,-105,181.0,-110,181,-105,181.5,-110,181.75,-108.33,184.0,181.0,-105.0,-110,106,17,W,195
2013-04-20,away,Golden State,Denver,1610612744,0041200161,47.3,330,314,325,315,300.0,315,313.8,325.0,300.0,46.2,7.0,-110,7.5,-104,7.5,-101,7.5,-110,7.5,-110,8.0,-115,7.5,-108.33,8.0,7.0,-101,-115,62.6,210.0,-110,211.5,-101.0,211.5,-105,211.5,-110,212,-110,211.5,-110,211.33,-107.67,212.0,210.0,-101.0,-110,95,-2,L,192
2013-04-20,home,Denver,Golden State,1610612743,0041200161,52.7,-400,-360,-360,-375,-400.0,-375,-374.0,-360.0,-400.0,53.8,-7.0,-110,-7.5,-106,-7.5,-109,-7.5,-110,-7.5,-110,-8.0,-105,-7.5,-108.33,-7.0,-8.0,-105,-110,37.4,210.0,-110,211.5,-109.0,211.5,-105,211.5,-110,212,-110,211.5,-110,211.33,-109.0,212.0,210.0,-105.0,-110,97,2,W,192
2013-04-20,away,Memphis,L.A. Clippers,1610612763,0041200171,49.2,180,211,210,205,210.0,210,209.2,211.0,205.0,52.5,4.5,-110,5.5,-105,5.5,-103,5.5,-110,5.5,-115,5.5,-110,5.33,-108.83,5.5,4.5,-103,-115,51.5,182.0,-110,178.0,-100.0,178.5,-107,179.0,-110,180,-105,178.5,-110,179.33,-107.0,182.0,178.0,-100.0,-110,91,-21,L,203
2013-04-20,home,L.A. Clippers,Memphis,1610612746,0041200171,50.8,-210,-236,-230,-245,-250.0,-250,-242.2,-230.0,-250.0,47.5,-4.5,-110,-5.5,-105,-5.5,-107,-5.5,-110,-5.5,-105,-5.5,-110,-5.33,-107.83,-4.5,-5.5,-105,-110,48.5,182.0,-110,178.0,-110.0,178.5,-103,179.0,-110,180,-115,178.5,-110,179.33,-109.67,182.0,178.0,-103.0,-115,112,21,W,203
2013-04-21,away,Milwaukee,Miami,1610612749,0041200101,50.3,1200,1300,1200,1395,,1200,1273.75,1395.0,1200.0,34.4,12.0,-110,13.0,-102,13.5,-110,14.0,-115,14.0,-115,13.5,-110,13.33,-110.33,14.0,12.0,-102,-115,45.7,199.0,-110,197.0,-100.0,197.0,-110,197.0,-110,198,-105,197.0,-110,197.5,-107.5,199.0,197.0,-100.0,-110,87,-23,L,197
2013-04-21,home,Miami,Milwaukee,1610612748,0041200101,49.7,-2000,-2000,-1900,-2095,,-2000,-1998.75,-1900.0,-2095.0,65.6,-12.0,-110,-13.0,-108,-13.5,-110,-14.0,-105,-14.0,-105,-13.5,-110,-13.33,-108.0,-12.0,-14.0,-105,-110,54.3,199.0,-110,197.0,-110.0,197.0,-110,197.0,-110,198,-115,197.0,-110,197.5,-110.83,199.0,197.0,-110.0,-115,110,23,W,197
2013-04-21,away,Atlanta,Indiana,1610612737,0041200121,44.4,235,264,280,270,270.0,270,270.8,280.0,264.0,41.6,6.5,-110,7.0,-110,7.0,-107,6.5,-105,7.0,-105,7.0,-110,6.83,-107.83,7.0,6.5,-105,-110,50.0,184.5,-110,184.5,-105.0,185.5,-101,185.0,-110,186,-105,185.0,-110,185.08,-106.83,186.0,184.5,-101.0,-110,90,-17,L,197
2013-04-21,home,Indiana,Atlanta,1610612754,0041200121,55.6,-280,-300,-310,-320,-340.0,-325,-319.0,-300.0,-340.0,58.4,-6.5,-110,-7.0,-100,-7.0,-103,-6.5,-115,-7.0,-115,-7.0,-110,-6.83,-108.83,-6.5,-7.0,-100,-115,50.0,184.5,-110,184.5,-105.0,185.5,-109,185.0,-110,186,-115,185.0,-110,185.08,-109.83,186.0,184.5,-105.0,-115,107,17,W,197
2013-04-21,away,Houston,Oklahoma City,1610612745,0041200141,38.6,460,576,560,570,450.0,550,541.2,576.0,450.0,46.2,10.5,-110,10.5,-106,10.5,-105,10.5,-115,10.5,-110,11.0,-105,10.58,-108.5,11.0,10.5,-105,-115,52.9,208.5,-110,213.5,-104.0,213.5,-105,213.5,-110,213,-110,213.5,-110,212.58,-108.17,213.5,208.5,-104.0,-110,91,-29,L,211
2013-04-21,home,Oklahoma City,Houston,1610612760,0041200141,61.4,-575,-710,-690,-820,-700.0,-710,-726.0,-690.0,-820.0,53.8,-10.5,-110,-10.5,-104,-10.5,-105,-10.5,-105,-10.5,-110,-11.0,-115,-10.58,-108.17,-10.5,-11.0,-104,-115,47.1,208.5,-110,213.5,-106.0,213.5,-105,213.5,-110,213,-110,213.5,-110,212.58,-108.5,213.5,208.5,-105.0,-110,120,29,W,211
2013-04-21,away,L.A. Lakers,San Antonio,1610612747,0041200151,49.1,400,457,450,455,375.0,425,432.4,457.0,375.0,53.3,10.0,-110,9.0,-104,9.0,-105,9.0,-110,8.5,-105,9.0,-110,9.08,-107.33,10.0,8.5,-104,-110,42.7,198.0,-110,191.5,-103.0,191.5,-105,191.5,-110,191,-110,191.0,-110,192.42,-108.0,198.0,191.0,-103.0,-110,79,-12,L,170
2013-04-21,home,San Antonio,L.A. Lakers,1610612759,0041200151,50.9,-495,-545,-525,-580,-550.0,-530,-546.0,-525.0,-580.0,46.7,-10.0,-110,-9.0,-106,-9.0,-105,-9.0,-110,-8.5,-115,-9.0,-110,-9.08,-109.33,-8.5,-10.0,-105,-115,57.3,198.0,-110,191.5,-107.0,191.5,-105,191.5,-110,191,-110,191.0,-110,192.42,-108.67,198.0,191.0,-105.0,-110,91,12,W,170
2013-04-22,away,Chicago,Brooklyn,1610612741,0041200132,33.3,170,200,195,195,195.0,190,195.0,200.0,190.0,38.2,4.5,-110,5.5,-105,5.5,-110,5.5,-110,6.0,-115,5.5,-110,5.42,-110.0,6.0,4.5,-105,-115,0.0,183.0,-110,183.0,-102.0,183.0,-110,182.5,-110,183,-115,183.0,-110,182.92,-109.5,183.0,182.5,-102.0,-115,90,8,W,172
2013-04-22,home,Brooklyn,Chicago,1610612751,0041200132,66.7,-195,-224,-235,-230,-235.0,-220,-228.8,-220.0,-235.0,61.8,-4.5,-110,-5.5,-105,-5.5,-110,-5.5,-110,-6.0,-105,-5.5,-110,-5.42,-108.33,-4.5,-6.0,-105,-110,100.0,183.0,-110,183.0,-113.0,183.0,-110,182.5,-110,183,-105,183.0,-110,182.92,-109.67,183.0,182.5,-105.0,-113,82,-8,L,172
2013-04-22,away,Memphis,L.A. Clippers,1610612763,0041200172,48.2,200,210,220,210,220.0,210,214.0,220.0,210.0,42.9,5.5,-110,5.5,-101,6.0,-109,6.0,-115,6.0,-110,5.5,-110,5.75,-109.17,6.0,5.5,-101,-115,53.3,181.0,-110,180.5,-105.0,180.5,-105,180.5,-110,181,-110,180.0,-110,180.58,-108.33,181.0,180.0,-105.0,-110,91,-2,L,184
2013-04-22,home,L.A. Clippers,Memphis,1610612746,0041200172,51.8,-240,-235,-240,-250,-260.0,-250,-247.0,-235.0,-260.0,57.1,-5.5,-110,-5.5,-109,-6.0,-101,-6.0,-105,-6.0,-110,-5.5,-110,-5.75,-107.5,-5.5,-6.0,-101,-110,46.7,181.0,-110,180.5,-105.0,180.5,-105,180.5,-110,181,-110,180.0,-110,180.58,-108.33,181.0,180.0,-105.0,-110,93,2,W,184
2013-04-23,away,Milwaukee,Miami,1610612749,0041200102,45.6,1300,1400,1550,1505,,1300,1438.75,1550.0,1300.0,0.0,13.5,-110,14.0,-110,14.0,-106,14.0,-110,14.5,-115,14.0,-110,14.0,-110.17,14.5,13.5,-106,-115,44.4,197.0,-110,197.0,-102.0,197.0,-105,197.5,-110,197,-110,197.0,-110,197.08,-107.83,197.5,197.0,-102.0,-110,86,-12,L,184
2013-04-23,home,Miami,Milwaukee,1610612748,0041200102,54.4,-2200,-2500,-2050,-2305,,-2200,-2263.75,-2050.0,-2500.0,100.0,-13.5,-110,-14.0,-100,-14.0,-104,-14.0,-110,-14.5,-105,-14.0,-110,-14.0,-106.5,-13.5,-14.5,-100,-110,55.6,197.0,-110,197.0,-108.0,197.0,-105,197.5,-110,197,-110,197.0,-110,197.08,-108.83,197.5,197.0,-105.0,-110,98,12,W,184
2013-04-23,away,Boston,New York,1610612738,0041200112,60.6,255,248,255,240,240.0,250,246.6,255.0,240.0,55.1,6.5,-110,6.5,-110,6.5,-107,6.0,-110,6.5,-115,6.5,-110,6.42,-110.33,6.5,6.0,-107,-115,5.6,186.0,-110,186.5,-103.0,186.5,-105,186.5,-110,186,-115,186.5,-110,186.33,-108.83,186.5,186.0,-103.0,-115,71,-16,L,158
2013-04-23,home,New York,Boston,1610612752,0041200112,39.4,-305,-280,-280,-290,-280.0,-300,-286.0,-280.0,-300.0,44.9,-6.5,-110,-6.5,-100,-6.5,-103,-6.0,-110,-6.5,-105,-6.5,-110,-6.42,-106.33,-6.0,-6.5,-100,-110,94.4,186.0,-110,186.5,-107.0,186.5,-105,186.5,-110,186,-105,186.5,-110,186.33,-107.83,186.5,186.0,-105.0,-110,87,16,W,158
2013-04-23,away,Golden State,Denver,1610612744,0041200162,35.3,280,354,375,350,350.0,350,355.8,375.0,350.0,38.1,7.0,-110,8.5,-115,8.5,-108,8.0,-105,8.5,-110,8.5,-110,8.17,-109.67,8.5,7.0,-105,-115,0.0,207.0,-110,208.0,-105.0,208.0,-108,209.0,-110,209,-105,208.0,-110,208.17,-108.0,209.0,207.0,-105.0,-110,131,14,W,248
2013-04-23,home,Denver,Golden State,1610612743,0041200162,64.7,-335,-410,-420,-440,-500.0,-425,-439.0,-410.0,-500.0,61.9,-7.0,-110,-8.5,-104,-8.5,-102,-8.0,-115,-8.5,-110,-8.5,-110,-8.17,-108.5,-7.0,-8.5,-102,-115,100.0,207.0,-110,208.0,-105.0,208.0,-102,209.0,-110,209,-115,208.0,-110,208.17,-108.67,209.0,207.0,-102.0,-115,117,-14,L,248
2013-04-24,away,Atlanta,Indiana,1610612737,0041200122,0.0,275,264,280,275,285.0,270,274.8,285.0,264.0,3.1,7.0,-110,7.0,-107,7.0,-105,7.0,-115,7.0,-105,7.0,-110,7.0,-108.67,7.0,7.0,-105,-115,8.3,188.0,-110,187.0,-103.0,187.0,-103,186.5,-110,187,-115,186.5,-110,187.0,-108.5,188.0,186.5,-103.0,-115,98,-15,L,211
2013-04-24,home,Indiana,Atlanta,1610612754,0041200122,100.0,-330,-300,-310,-335,-370.0,-325,-328.0,-300.0,-370.0,96.9,-7.0,-110,-7.0,-103,-7.0,-105,-7.0,-105,-7.0,-115,-7.0,-110,-7.0,-108.0,-7.0,-7.0,-103,-115,91.7,188.0,-110,187.0,-107.0,187.0,-107,186.5,-110,187,-105,186.5,-110,187.0,-108.17,188.0,186.5,-105.0,-110,113,15,W,211
2013-04-24,away,Houston,Oklahoma City,1610612745,0041200142,0.0,650,720,725,715,,695,713.75,725.0,695.0,0.0,10.5,-105,11.0,-103,11.0,-102,11.0,-110,11.5,-110,11.0,-110,11.0,-106.67,11.5,10.5,-102,-110,0.0,212.0,-110,213.5,-108.0,213.5,-105,214.0,-110,214,-115,214.0,-110,213.5,-109.67,214.0,212.0,-105.0,-115,102,-3,L,207
2013-04-24,home,Oklahoma City,Houston,1610612760,0041200142,100.0,-830,-925,-925,-1015,,-905,-942.5,-905.0,-1015.0,100.0,-10.5,-115,-11.0,-107,-11.0,-108,-11.0,-110,-11.5,-110,-11.0,-110,-11.0,-110.0,-10.5,-11.5,-107,-115,100.0,212.0,-110,213.5,-102.0,213.5,-105,214.0,-110,214,-105,214.0,-110,213.5,-107.0,214.0,212.0,-102.0,-110,105,3,W,207
2013-04-24,away,L.A. Lakers,San Antonio,1610612747,0041200152,57.4,420,461,468,455,375.0,405,432.8,468.0,375.0,39.6,9.0,-110,9.0,-103,9.0,-108,9.0,-110,9.0,-115,9.0,-110,9.0,-109.33,9.0,9.0,-103,-115,0.0,187.5,-110,188.5,-100.0,188.5,-105,188.5,-110,189,-105,188.5,-110,188.42,-106.67,189.0,187.5,-100.0,-110,91,-11,L,193
2013-04-24,home,San Antonio,L.A. Lakers,1610612759,0041200152,42.6,-515,-550,-550,-560,-550.0,-500,-542.0,-500.0,-560.0,60.4,-9.0,-110,-9.0,-107,-9.0,-102,-9.0,-110,-9.0,-105,-9.0,-110,-9.0,-107.33,-9.0,-9.0,-102,-110,100.0,187.5,-110,188.5,-110.0,188.5,-105,188.5,-110,189,-115,188.5,-110,188.42,-110.0,189.0,187.5,-105.0,-115,102,11,W,193
2013-04-25,away,Miami,Milwaukee,1610612748,0041200103,62.7,-350,-320,-320,-345,-360.0,-340,-337.0,-320.0,-360.0,61.7,-7.5,-110,-7.0,-105,-7.0,-107,-7.0,-110,-7.5,-115,-7.0,-115,-7.17,-110.33,-7.0,-7.5,-105,-115,0.0,195.5,-110,195.0,-102.0,195.0,-102,195.5,-110,195,-115,195.0,-110,195.17,-108.17,195.5,195.0,-102.0,-115,104,13,W,195
2013-04-25,home,Milwaukee,Miami,1610612749,0041200103,37.3,290,281,290,285,280.0,285,284.2,290.0,280.0,38.3,7.5,-110,7.0,-105,7.0,-103,7.0,-110,7.5,-105,7.0,-105,7.17,-106.33,7.5,7.0,-103,-110,100.0,195.5,-110,195.0,-108.0,195.0,-108,195.5,-110,195,-105,195.0,-110,195.17,-108.5,195.5,195.0,-105.0,-110,91,-13,L,195
2013-04-25,away,Brooklyn,Chicago,1610612751,0041200133,0.0,145,147,145,155,150.0,145,148.4,155.0,145.0,41.6,4.0,-110,3.5,-107,3.5,-110,3.5,-115,4.0,-115,3.5,-110,3.67,-111.17,4.0,3.5,-107,-115,46.7,181.0,-110,182.0,-101.0,182.0,-110,182.0,-110,182,-110,181.5,-110,181.75,-108.5,182.0,181.0,-101.0,-110,76,-3,L,155
2013-04-25,home,Chicago,Brooklyn,1610612741,0041200133,100.0,-165,-163,-165,-175,-170.0,-165,-167.6,-163.0,-175.0,58.4,-4.0,-110,-3.5,-103,-3.5,-110,-3.5,-105,-4.0,-105,-3.5,-110,-3.67,-107.17,-3.5,-4.0,-103,-110,53.3,181.0,-110,182.0,-109.0,182.0,-110,182.0,-110,182,-110,181.5,-110,181.75,-109.83,182.0,181.0,-109.0,-110,79,3,W,155
2013-04-25,away,L.A. Clippers,Memphis,1610612746,0041200173,0.0,150,166,170,165,165.0,165,166.2,170.0,165.0,0.0,4.0,-110,4.5,-106,4.5,-108,4.5,-110,4.5,-110,4.5,-110,4.42,-109.0,4.5,4.0,-106,-110,0.0,180.5,-110,178.5,-102.0,178.5,-102,178.5,-110,179,-115,178.5,-110,178.92,-108.17,180.5,178.5,-102.0,-115,82,-12,L,176
2013-04-25,home,Memphis,L.A. Clippers,1610612763,0041200173,100.0,-170,-185,-185,-190,-190.0,-190,-188.0,-185.0,-190.0,100.0,-4.0,-110,-4.5,-104,-4.5,-102,-4.5,-110,-4.5,-110,-4.5,-110,-4.42,-107.67,-4.0,-4.5,-102,-110,100.0,180.5,-110,178.5,-108.0,178.5,-108,178.5,-110,179,-105,178.5,-110,178.92,-108.5,180.5,178.5,-105.0,-110,94,12,W,176
2013-04-26,away,New York,Boston,1610612752,0041200113,57.7,130,132,135,135,,125,131.75,135.0,125.0,50.3,3.0,-110,2.5,-102,2.5,-103,3.0,-110,2.5,-110,2.5,-105,2.67,-106.67,3.0,2.5,-102,-110,0.0,185.0,-110,183.0,-105.0,184.0,-105,183.5,-110,184,-110,183.5,-110,183.83,-108.33,185.0,183.0,-105.0,-110,90,14,W,166
2013-04-26,home,Boston,New York,1610612738,0041200113,42.3,-150,-146,-145,-155,,-145,-147.75,-145.0,-155.0,49.7,-3.0,-110,-2.5,-108,-2.5,-107,-3.0,-110,-2.5,-110,-2.5,-115,-2.67,-110.0,-2.5,-3.0,-107,-115,100.0,185.0,-110,183.0,-105.0,184.0,-105,183.5,-110,184,-110,183.5,-110,183.83,-108.33,185.0,183.0,-105.0,-110,76,-14,L,166
2013-04-26,away,San Antonio,L.A. Lakers,1610612759,0041200153,61.8,-150,-265,-280,-285,-300.0,-275,-281.0,-265.0,-300.0,61.8,-3.0,-110,-6.0,-113,-6.5,-105,-6.5,-110,-6.5,-115,-6.5,-110,-5.83,-110.5,-3.0,-6.5,-105,-115,9.5,189.5,-110,184.5,-107.0,184.5,-105,184.5,-110,184,-115,184.5,-110,185.25,-109.5,189.5,184.0,-105.0,-115,120,31,W,209
2013-04-26,home,L.A. Lakers,San Antonio,1610612747,0041200153,38.2,130,235,255,245,250.0,230,243.0,255.0,230.0,38.2,3.0,-110,6.0,-102,6.5,-105,6.5,-110,6.5,-105,6.5,-110,5.83,-107.0,6.5,3.0,-102,-110,90.5,189.5,-110,184.5,-103.0,184.5,-105,184.5,-110,184,-105,184.5,-110,185.25,-107.17,189.5,184.0,-103.0,-110,89,-31,L,209
2013-04-26,away,Denver,Golden State,1610612743,0041200163,0.0,100,-114,-123,-115,,-120,-118.0,-114.0,-123.0,0.0,-1.0,-110,-1.5,-104,-1.5,-110,-1.5,-110,-1.5,-110,-1.5,-110,-1.42,-109.0,-1.0,-1.5,-104,-110,54.4,211.5,-110,210.5,-110.0,210.5,-110,211.0,-110,211,-105,210.5,-110,210.83,-109.17,211.5,210.5,-105.0,-110,108,-2,L,218
2013-04-26,home,Golden State,Denver,1610612744,0041200163,100.0,-120,103,103,-105,,100,50.25,103.0,-105.0,100.0,1.0,-110,1.5,-106,1.5,-110,1.5,-110,1.5,-110,1.5,-110,1.42,-109.33,1.5,1.0,-106,-110,45.6,211.5,-110,210.5,-100.0,210.5,-110,211.0,-110,211,-115,210.5,-110,210.83,-109.17,211.5,210.5,-100.0,-115,110,2,W,218
2013-04-27,away,Indiana,Atlanta,1610612754,0041200123,62.8,105,113,110,110,,110,110.75,113.0,110.0,52.9,2.0,-115,2.0,-106,1.5,-102,2.0,-110,1.5,-105,2.0,-110,1.83,-108.0,2.0,1.5,-102,-115,55.0,189.0,-110,188.0,-103.0,188.0,-108,187.5,-110,189,-105,188.5,-110,188.33,-107.67,189.0,187.5,-103.0,-110,69,-21,L,159
2013-04-27,home,Atlanta,Indiana,1610612737,0041200123,37.2,-125,-125,-120,-130,,-130,-126.25,-120.0,-130.0,47.1,-2.0,-105,-2.0,-104,-1.5,-108,-2.0,-110,-1.5,-115,-2.0,-110,-1.83,-108.67,-1.5,-2.0,-104,-115,45.0,189.0,-110,188.0,-107.0,188.0,-102,187.5,-110,189,-115,188.5,-110,188.33,-109.0,189.0,187.5,-102.0,-115,90,21,W,159
2013-04-27,away,Brooklyn,Chicago,1610612751,0041200134,54.9,135,125,125,125,,125,125.0,125.0,125.0,0.0,3.0,-110,2.5,-106,2.0,-101,2.5,-110,2.5,-110,2.5,-110,2.5,-107.83,3.0,2.0,-101,-110,48.5,178.5,-110,176.0,-104.0,176.0,-108,176.0,-110,177,-110,176.5,-110,176.67,-108.67,178.5,176.0,-104.0,-110,134,-8,L,276
2013-04-27,home,Chicago,Brooklyn,1610612741,0041200134,45.1,-155,-138,-135,-145,,-145,-140.75,-135.0,-145.0,100.0,-3.0,-110,-2.5,-104,-2.0,-109,-2.5,-110,-2.5,-110,-2.5,-110,-2.5,-108.83,-2.0,-3.0,-104,-110,51.5,178.5,-110,176.0,-106.0,176.0,-102,176.0,-110,177,-110,176.5,-110,176.67,-108.0,178.5,176.0,-102.0,-110,142,8,W,276
2013-04-27,away,Oklahoma City,Houston,1610612760,0041200143,41.9,-155,-103,103,-105,,-115,-55.0,103.0,-115.0,44.0,-3.0,-115,1.0,-107,1.0,-105,1.0,-110,1.0,-110,1.0,-110,0.33,-109.5,1.0,-3.0,-105,-115,49.2,211.5,-110,206.5,-105.0,206.5,-103,207.0,-110,207,-105,206.5,-110,207.5,-107.17,211.5,206.5,-103.0,-110,104,3,W,205
2013-04-27,home,Houston,Oklahoma City,1610612745,0041200143,58.1,135,-107,-113,-115,,-105,-110.0,-105.0,-115.0,56.0,3.0,-105,-1.0,-103,-1.0,-105,-1.0,-110,-1.0,-110,-1.0,-110,-0.33,-107.17,3.0,-1.0,-103,-110,50.8,211.5,-110,206.5,-105.0,206.5,-107,207.0,-110,207,-115,206.5,-110,207.5,-109.5,211.5,206.5,-105.0,-115,101,-3,L,205
2013-04-27,away,L.A. Clippers,Memphis,1610612746,0041200174,58.5,135,139,145,145,140.0,140,141.8,145.0,139.0,0.0,3.0,-110,3.5,-110,3.0,-102,3.0,-110,3.0,-110,3.5,-115,3.17,-109.5,3.5,3.0,-102,-115,52.0,177.0,-110,177.5,-106.0,177.5,-103,178.0,-110,178,-110,177.5,-110,177.58,-108.17,178.0,177.0,-103.0,-110,83,-21,L,187
2013-04-27,home,Memphis,L.A. Clippers,1610612763,0041200174,41.5,-155,-154,-155,-165,-160.0,-160,-158.8,-154.0,-165.0,100.0,-3.0,-110,-3.5,-100,-3.0,-108,-3.0,-110,-3.0,-110,-3.5,-105,-3.17,-107.17,-3.0,-3.5,-100,-110,48.0,177.0,-110,177.5,-104.0,177.5,-107,178.0,-110,178,-110,177.5,-110,177.58,-108.5,178.0,177.0,-104.0,-110,104,21,W,187
2013-04-28,away,Miami,Milwaukee,1610612748,0041200104,59.8,-545,-444,-440,-490,-550.0,-490,-482.8,-440.0,-550.0,0.0,-9.5,-110,-8.5,-105,-8.5,-105,-8.5,-105,-9.5,-105,-9.0,-110,-8.92,-106.67,-8.5,-9.5,-105,-110,55.9,196.0,-110,195.0,-106.0,195.0,-105,195.5,-110,195,-115,195.5,-110,195.33,-109.33,196.0,195.0,-105.0,-115,88,11,W,165
2013-04-28,home,Milwaukee,Miami,1610612749,0041200104,40.2,440,380,390,390,375.0,395,386.0,395.0,375.0,100.0,9.5,-110,8.5,-105,8.5,-105,8.5,-115,9.5,-115,9.0,-110,8.92,-110.0,9.5,8.5,-105,-115,44.1,196.0,-110,195.0,-104.0,195.0,-105,195.5,-110,195,-105,195.5,-110,195.33,-107.33,196.0,195.0,-104.0,-110,77,-11,L,165
2013-04-28,away,New York,Boston,1610612752,0041200114,57.8,-125,-119,-117,-125,,-130,-122.75,-117.0,-130.0,60.8,-1.5,-110,-1.5,-109,-1.5,-108,-1.5,-115,-2.5,-105,-1.5,-110,-1.67,-109.5,-1.5,-2.5,-105,-115,41.5,182.5,-110,181.5,-107.0,181.5,-108,182.0,-110,181,-115,182.0,-110,181.75,-110.0,182.5,181.0,-107.0,-115,90,-7,L,187
2013-04-28,home,Boston,New York,1610612738,0041200114,42.2,105,108,107,105,,110,107.5,110.0,105.0,39.2,1.5,-110,1.5,-101,1.5,-102,1.5,-105,2.5,-115,1.5,-110,1.67,-107.17,2.5,1.5,-101,-115,58.5,182.5,-110,181.5,-103.0,181.5,-102,182.0,-110,181,-105,182.0,-110,181.75,-106.67,182.5,181.0,-102.0,-110,97,7,W,187
2013-04-28,away,San Antonio,L.A. Lakers,1610612759,0041200154,47.1,-530,-650,-750,-810,,-800,-752.5,-650.0,-810.0,60.5,-8.5,-110,-11.0,-110,-11.5,-105,-11.5,-110,-11.5,-115,-11.5,-115,-10.92,-110.83,-8.5,-11.5,-105,-115,54.1,188.0,-110,190.0,-107.0,190.5,-102,190.5,-110,191,-110,190.0,-110,190.0,-108.17,191.0,188.0,-102.0,-110,103,21,W,185
2013-04-28,home,L.A. Lakers,San Antonio,1610612747,0041200154,52.9,425,534,600,585,,600,579.75,600.0,534.0,39.5,8.5,-110,11.0,-100,11.5,-105,11.5,-110,11.5,-105,11.5,-105,10.92,-105.83,11.5,8.5,-100,-110,45.9,188.0,-110,190.0,-103.0,190.5,-108,190.5,-110,191,-110,190.0,-110,190.0,-108.5,191.0,188.0,-103.0,-110,82,-21,L,185
2013-04-28,away,Denver,Golden State,1610612743,0041200164,43.7,-125,-125,-128,-130,,-135,-129.5,-125.0,-135.0,50.0,-1.5,-110,-2.0,-101,-2.0,-103,-2.0,-105,-2.0,-110,-2.0,-115,-1.92,-107.33,-1.5,-2.0,-101,-115,63.6,211.5,-110,212.5,-110.0,212.5,-103,213.5,-110,213,-115,213.0,-110,212.67,-109.67,213.5,211.5,-103.0,-115,101,-14,L,216
2013-04-28,home,Golden State,Denver,1610612744,0041200164,56.3,105,113,118,110,,115,114.0,118.0,110.0,50.0,1.5,-110,2.0,-109,2.0,-107,2.0,-115,2.0,-110,2.0,-105,1.92,-109.33,2.0,1.5,-105,-115,36.4,211.5,-110,212.5,-100.0,212.5,-107,213.5,-110,213,-105,213.0,-110,212.67,-107.0,213.5,211.5,-100.0,-110,115,14,W,216
2013-04-29,away,Indiana,Atlanta,1610612754,0041200124,55.4,110,109,107,-105,,100,52.75,109.0,-105.0,48.8,1.5,-105,1.5,-102,1.5,-103,1.5,-110,1.5,-110,1.5,-110,1.5,-106.67,1.5,1.5,-102,-110,52.5,186.0,-110,187.0,-102.0,187.0,-105,187.5,-110,187,-115,187.5,-110,187.0,-108.67,187.5,186.0,-102.0,-115,91,-11,L,193
2013-04-29,home,Atlanta,Indiana,1610612737,0041200124,44.6,-130,-120,-117,-115,,-120,-118.0,-115.0,-120.0,51.2,-1.5,-115,-1.5,-108,-1.5,-107,-1.5,-110,-1.5,-110,-1.5,-110,-1.5,-110.0,-1.5,-1.5,-107,-115,47.5,186.0,-110,187.0,-108.0,187.0,-105,187.5,-110,187,-105,187.5,-110,187.0,-108.0,187.5,186.0,-105.0,-110,102,11,W,193
2013-04-29,away,Chicago,Brooklyn,1610612741,0041200135,50.7,220,264,260,255,220.0,235,246.8,264.0,220.0,46.3,5.5,-110,6.5,-102,6.5,-102,7.0,-115,6.0,-110,6.5,-110,6.33,-108.17,7.0,5.5,-102,-115,0.0,180.0,-110,180.5,-106.0,180.5,-105,181.0,-110,180,-115,180.5,-110,180.42,-109.33,181.0,180.0,-105.0,-115,91,-19,L,201
2013-04-29,home,Brooklyn,Chicago,1610612751,0041200135,49.3,-260,-300,-290,-295,-260.0,-280,-285.0,-260.0,-300.0,53.7,-5.5,-110,-6.5,-108,-6.5,-108,-7.0,-105,-6.0,-110,-6.5,-110,-6.33,-108.5,-5.5,-7.0,-105,-110,100.0,180.0,-110,180.5,-104.0,180.5,-105,181.0,-110,180,-105,180.5,-110,180.42,-107.33,181.0,180.0,-104.0,-110,110,19,W,201
2013-04-29,away,Oklahoma City,Houston,1610612760,0041200144,51.4,-130,-113,-118,-115,,-115,-115.25,-113.0,-118.0,53.5,-2.0,-110,-1.5,-102,-1.5,-102,-1.0,-115,-1.5,-110,-1.5,-110,-1.5,-108.17,-1.0,-2.0,-102,-115,57.1,206.5,-110,206.5,-110.0,206.5,-107,207.5,-110,207,-105,206.5,-110,206.75,-108.67,207.5,206.5,-105.0,-110,103,-2,L,208
2013-04-29,home,Houston,Oklahoma City,1610612745,0041200144,48.6,110,102,108,-105,,-105,0.0,108.0,-105.0,46.5,2.0,-110,1.5,-108,1.5,-108,1.0,-105,1.5,-110,1.5,-110,1.5,-108.5,2.0,1.0,-105,-110,42.9,206.5,-110,206.5,-100.0,206.5,-103,207.5,-110,207,-115,206.5,-110,206.75,-108.0,207.5,206.5,-100.0,-115,105,2,W,208
2013-04-30,away,Golden State,Denver,1610612744,0041200165,63.8,300,314,330,320,,315,319.75,330.0,314.0,38.5,7.5,-110,7.5,-102,7.5,-101,8.0,-115,8.0,-110,8.0,-110,7.75,-108.0,8.0,7.5,-101,-115,0.0,213.5,-110,211.0,-100.0,211.0,-103,210.5,-110,214,-105,211.5,-110,211.92,-106.33,214.0,210.5,-100.0,-110,100,-7,L,207
2013-04-30,home,Denver,Golden State,1610612743,0041200165,36.2,-360,-360,-370,-380,,-375,-371.25,-360.0,-380.0,61.5,-7.5,-110,-7.5,-108,-7.5,-109,-8.0,-105,-8.0,-110,-8.0,-110,-7.75,-108.67,-7.5,-8.0,-105,-110,100.0,213.5,-110,211.0,-110.0,211.0,-107,210.5,-110,214,-115,211.5,-110,211.92,-110.33,214.0,210.5,-107.0,-115,107,7,W,207
2013-04-30,away,Memphis,L.A. Clippers,1610612763,0041200175,48.3,205,227,220,220,,210,219.25,227.0,210.0,42.9,5.5,-110,5.5,-102,5.5,-105,5.5,-105,5.0,-110,5.5,-110,5.42,-107.0,5.5,5.0,-102,-110,35.6,180.0,-110,180.5,-105.0,180.5,-108,180.5,-110,180,-110,180.5,-110,180.33,-108.83,180.5,180.0,-105.0,-110,103,10,W,196
2013-04-30,home,L.A. Clippers,Memphis,1610612746,0041200175,51.7,-245,-255,-240,-260,,-250,-251.25,-240.0,-260.0,57.1,-5.5,-110,-5.5,-108,-5.5,-105,-5.5,-115,-5.0,-110,-5.5,-110,-5.42,-109.67,-5.0,-5.5,-105,-115,64.4,180.0,-110,180.5,-105.0,180.5,-102,180.5,-110,180,-110,180.5,-110,180.33,-107.83,180.5,180.0,-102.0,-110,93,-10,L,196
2013-05-01,away,Boston,New York,1610612738,0041200115,38.2,330,423,455,440,425.0,440,436.6,455.0,423.0,30.3,8.0,-110,9.0,-101,9.5,-107,9.5,-110,9.5,-110,9.0,-105,9.08,-107.17,9.5,8.0,-101,-110,50.6,180.0,-110,182.5,-107.0,182.5,-104,183.0,-110,183,-105,182.0,-110,182.17,-107.67,183.0,180.0,-104.0,-110,92,6,W,178
2013-05-01,home,New York,Boston,1610612752,0041200115,61.8,-400,-500,-530,-545,-650.0,-545,-554.0,-500.0,-650.0,69.7,-8.0,-110,-9.0,-109,-9.5,-103,-9.5,-110,-9.5,-110,-9.0,-115,-9.08,-109.5,-8.0,-9.5,-103,-115,49.4,180.0,-110,182.5,-103.0,182.5,-106,183.0,-110,183,-115,182.0,-110,182.17,-109.0,183.0,180.0,-103.0,-115,86,-6,L,178
2013-05-01,away,Atlanta,Indiana,1610612737,0041200125,8.3,250,281,295,290,270.0,270,281.2,295.0,270.0,0.0,6.5,-110,7.0,-103,7.0,-101,7.0,-105,7.5,-115,7.0,-110,7.0,-107.33,7.5,6.5,-101,-115,44.9,188.0,-110,188.0,-105.0,188.0,-101,188.0,-110,188,-115,188.0,-110,188.0,-108.5,188.0,188.0,-101.0,-115,83,-23,L,189
2013-05-01,home,Indiana,Atlanta,1610612754,0041200125,91.7,-300,-320,-325,-350,-340.0,-325,-332.0,-320.0,-350.0,100.0,-6.5,-110,-7.0,-107,-7.0,-109,-7.0,-115,-7.5,-105,-7.0,-110,-7.0,-109.33,-6.5,-7.5,-105,-115,55.1,188.0,-110,188.0,-105.0,188.0,-109,188.0,-110,188,-105,188.0,-110,188.0,-108.17,188.0,188.0,-105.0,-110,106,23,W,189
2013-05-01,away,Houston,Oklahoma City,1610612745,0041200145,49.0,350,400,420,415,375.0,395,401.0,420.0,375.0,0.0,8.5,-110,8.5,-100,8.5,-105,9.0,-115,8.5,-105,8.5,-110,8.58,-107.5,9.0,8.5,-100,-115,57.6,208.0,-110,208.0,-109.0,208.0,-108,209.5,-110,209,-105,208.5,-110,208.5,-108.67,209.5,208.0,-105.0,-110,107,7,W,207
2013-05-01,home,Oklahoma City,Houston,1610612760,0041200145,51.0,-425,-470,-475,-520,-550.0,-480,-499.0,-470.0,-550.0,100.0,-8.5,-110,-8.5,-110,-8.5,-105,-9.0,-105,-8.5,-115,-8.5,-110,-8.58,-109.17,-8.5,-9.0,-105,-115,42.4,208.0,-110,208.0,-101.0,208.0,-102,209.5,-110,209,-115,208.5,-110,208.5,-108.0,209.5,208.0,-101.0,-115,100,-7,L,207
2013-05-02,away,Brooklyn,Chicago,1610612751,0041200136,0.0,110,-111,-107,-120,,100,-59.5,100.0,-120.0,4.5,1.5,-105,-1.0,-105,1.0,-113,-1.0,-110,-1.5,-105,-1.0,-110,-0.33,-108.0,1.5,-1.5,-105,-113,48.9,184.0,-110,183.5,-100.0,184.0,-108,183.0,-110,184,-110,183.5,-110,183.67,-108.0,184.0,183.0,-100.0,-110,95,3,W,187
2013-05-02,home,Chicago,Brooklyn,1610612741,0041200136,100.0,-130,101,-103,100,,-120,-5.5,101.0,-120.0,95.5,-1.5,-115,1.0,-105,-1.0,-103,1.0,-110,1.5,-115,1.0,-110,0.33,-109.67,1.5,-1.5,-103,-115,51.1,184.0,-110,183.5,-110.0,184.0,-102,183.0,-110,184,-110,183.5,-110,183.67,-108.67,184.0,183.0,-102.0,-110,92,-3,L,187
2013-05-02,away,Denver,Golden State,1610612743,0041200166,0.0,105,125,133,130,,125,128.25,133.0,125.0,4.9,-1.0,-110,2.5,-104,2.5,-101,2.5,-105,3.0,-105,2.5,-105,2.0,-105.0,3.0,-1.0,-101,-110,63.7,211.0,-110,211.5,-106.0,212.0,-101,212.0,-110,213,-105,211.5,-110,211.83,-107.0,213.0,211.0,-101.0,-110,88,-4,L,180
2013-05-02,home,Golden State,Denver,1610612744,0041200166,100.0,-125,-138,-143,-150,,-145,-144.0,-138.0,-150.0,95.1,1.0,-110,-2.5,-106,-2.5,-109,-2.5,-115,-3.0,-115,-2.5,-115,-2.0,-111.67,1.0,-3.0,-106,-115,36.3,211.0,-110,,,212.0,-109,212.0,-110,213,-115,211.5,-110,211.9,-110.8,213.0,211.0,-109.0,-115,92,4,W,180
2013-05-03,away,New York,Boston,1610612752,0041200116,55.9,-125,-138,-135,-140,,-145,-139.5,-135.0,-145.0,58.4,-2.0,-110,-2.5,-103,-2.5,-103,-2.5,-110,-2.5,-115,-2.5,-110,-2.42,-108.5,-2.0,-2.5,-103,-115,0.0,181.5,-110,180.0,-105.0,180.5,-107,180.0,-110,181,-110,180.5,-110,180.58,-108.67,181.5,180.0,-105.0,-110,88,8,W,168
2013-05-03,home,Boston,New York,1610612738,0041200116,44.1,105,125,125,120,,125,123.75,125.0,120.0,41.6,2.0,-110,2.5,-107,2.5,-107,2.5,-110,2.5,-105,2.5,-110,2.42,-108.17,2.5,2.0,-105,-110,100.0,181.5,-110,180.0,-105.0,180.5,-103,180.0,-110,181,-110,180.5,-110,180.58,-108.0,181.5,180.0,-103.0,-110,80,-8,L,168
2013-05-03,away,Indiana,Atlanta,1610612754,0041200126,0.0,105,-105,100,-105,,-105,-53.75,100.0,-105.0,43.9,1.0,-110,1.0,-108,1.0,-108,1.0,-110,1.0,-110,1.0,-115,1.0,-110.17,1.0,1.0,-108,-115,45.0,187.5,-110,186.0,-103.0,186.5,-102,186.0,-110,187,-105,186.5,-110,186.58,-106.67,187.5,186.0,-102.0,-110,81,8,W,154
2013-05-03,home,Atlanta,Indiana,1610612737,0041200126,100.0,-125,-105,-110,-115,,-115,-111.25,-105.0,-115.0,56.1,-1.0,-110,-1.0,-102,-1.0,-102,-1.0,-110,-1.0,-110,-1.0,-105,-1.0,-106.5,-1.0,-1.0,-102,-110,55.0,187.5,-110,186.0,-107.0,186.5,-108,186.0,-110,187,-115,186.5,-110,186.58,-110.0,187.5,186.0,-107.0,-115,73,-8,L,154
2013-05-03,away,Oklahoma City,Houston,1610612760,0041200146,50.0,100,-115,-113,-115,,-120,-115.75,-113.0,-120.0,50.1,-1.0,-110,-1.0,-110,-1.0,-105,-1.0,-110,0.0,-110,-1.0,-115,-0.83,-110.0,0.0,-1.0,-105,-115,56.6,208.0,-110,207.0,-110.0,207.0,-105,207.5,-110,207,-115,207.0,-110,207.25,-110.0,208.0,207.0,-105.0,-115,103,9,W,197
2013-05-03,home,Houston,Oklahoma City,1610612745,0041200146,50.0,-120,104,103,-105,,100,50.5,104.0,-105.0,49.9,1.0,-110,1.0,-100,1.0,-105,1.0,-110,0.0,-110,1.0,-105,0.83,-106.67,1.0,0.0,-100,-110,43.4,208.0,-110,207.0,-100.0,207.0,-105,207.5,-110,207,-105,207.0,-110,207.25,-106.67,208.0,207.0,-100.0,-110,94,-9,L,197
2013-05-03,away,L.A. Clippers,Memphis,1610612746,0041200176,0.0,210,256,248,250,240.0,230,244.8,256.0,230.0,33.6,6.0,-110,6.5,-105,6.5,-107,6.5,-110,6.0,-105,6.0,-105,6.25,-107.0,6.5,6.0,-105,-110,52.9,180.5,-110,179.5,-102.0,179.0,-105,179.0,-110,180,-110,179.0,-110,179.5,-107.83,180.5,179.0,-102.0,-110,105,-13,L,223
2013-05-03,home,Memphis,L.A. Clippers,1610612763,0041200176,100.0,-250,-290,-270,-300,-280.0,-275,-283.0,-270.0,-300.0,66.4,-6.0,-110,-6.5,-105,-6.5,-103,-6.5,-110,-6.0,-115,-6.0,-115,-6.25,-109.67,-6.0,-6.5,-103,-115,47.1,180.5,-110,179.5,-113.0,179.0,-105,179.0,-110,180,-110,179.0,-110,179.5,-109.67,180.5,179.0,-105.0,-113,118,13,W,223
2013-05-04,away,Chicago,Brooklyn,1610612741,0041200137,54.0,235,300,310,300,270.0,290,294.0,310.0,270.0,51.3,6.5,-110,7.0,-100,7.0,-103,7.0,-110,7.0,-110,7.0,-115,6.92,-108.0,7.0,6.5,-100,-115,0.0,183.5,-110,183.0,-108.0,183.0,-105,182.5,-110,183,-110,183.0,-110,183.0,-108.83,183.5,182.5,-105.0,-110,99,6,W,192
2013-05-04,home,Brooklyn,Chicago,1610612751,0041200137,46.0,-280,-343,-340,-360,-340.0,-350,-346.6,-340.0,-360.0,48.7,-6.5,-110,-7.0,-110,-7.0,-107,-7.0,-110,-7.0,-110,-7.0,-105,-6.92,-108.67,-6.5,-7.0,-105,-110,100.0,183.5,-110,183.0,-102.0,183.0,-105,182.5,-110,183,-110,183.0,-110,183.0,-107.83,183.5,182.5,-102.0,-110,93,-6,L,192
2013-05-05,away,Indiana,New York,1610612754,0041200211,55.8,170,190,195,195,190.0,185,191.0,195.0,185.0,47.1,5.0,-110,5.0,-102,5.5,-108,5.5,-115,5.5,-110,5.5,-110,5.33,-109.17,5.5,5.0,-102,-115,0.0,185.0,-110,181.5,-102.0,181.5,-108,180.5,-110,182,-110,181.5,-110,182.0,-108.33,185.0,180.5,-102.0,-110,102,7,W,197
2013-05-05,home,New York,Indiana,1610612752,0041200211,44.2,-195,-212,-215,-230,-230.0,-215,-220.4,-212.0,-230.0,52.9,-5.0,-110,-5.0,-108,-5.5,-102,-5.5,-105,-5.5,-110,-5.5,-110,-5.33,-107.5,-5.0,-5.5,-102,-110,100.0,185.0,-110,181.5,-108.0,181.5,-102,180.5,-110,182,-110,181.5,-110,182.0,-108.33,185.0,180.5,-102.0,-110,95,-7,L,197
2013-05-05,away,Memphis,Oklahoma City,1610612763,0041200221,52.8,155,146,150,150,145.0,150,148.2,150.0,145.0,51.0,4.0,-110,3.5,-106,3.5,-107,3.5,-110,3.5,-110,3.5,-110,3.58,-108.83,4.0,3.5,-106,-110,50.0,184.5,-110,186.5,-100.0,186.5,-105,186.5,-110,187,-110,187.0,-110,186.33,-107.5,187.0,184.5,-100.0,-110,91,-2,L,184
2013-05-05,home,Oklahoma City,Memphis,1610612760,0041200221,47.2,-175,-162,-160,-170,-165.0,-170,-165.4,-160.0,-170.0,49.0,-4.0,-110,-3.5,-104,-3.5,-103,-3.5,-110,-3.5,-110,-3.5,-110,-3.58,-107.83,-3.5,-4.0,-103,-110,50.0,184.5,-110,186.5,-110.0,186.5,-105,186.5,-110,187,-110,187.0,-110,186.33,-109.17,187.0,184.5,-105.0,-110,93,2,W,184
2013-05-06,away,Chicago,Miami,1610612741,0041200201,0.0,700,925,900,925,,900,912.5,925.0,900.0,7.1,11.5,-110,13.0,-103,13.0,-105,13.5,-115,12.5,-105,13.0,-110,12.75,-108.0,13.5,11.5,-103,-115,50.0,186.0,-110,187.5,-106.0,188.0,-102,187.5,-110,188,-115,188.0,-110,187.5,-108.83,188.0,186.0,-102.0,-115,93,7,W,179
2013-05-06,home,Miami,Chicago,1610612748,0041200201,100.0,-940,-1300,-1100,-1375,,-1300,-1268.75,-1100.0,-1375.0,92.9,-11.5,-110,-13.0,-107,-13.0,-105,-13.5,-105,-12.5,-115,-13.0,-110,-12.75,-108.67,-11.5,-13.5,-105,-115,50.0,186.0,-110,187.5,-104.0,188.0,-108,187.5,-110,188,-105,188.0,-110,187.5,-107.83,188.0,186.0,-104.0,-110,86,-7,L,179
2013-05-06,away,Golden State,San Antonio,1610612744,0041200231,39.6,365,435,435,430,375.0,420,419.0,435.0,375.0,46.5,8.0,-110,9.0,-102,9.0,-101,9.5,-110,9.0,-115,9.0,-110,8.92,-108.0,9.5,8.0,-101,-115,52.9,201.0,-110,202.5,-108.0,202.5,-107,203.5,-110,204,-110,203.5,-110,202.83,-109.17,204.0,201.0,-107.0,-110,127,-2,L,256
2013-05-06,home,San Antonio,Golden State,1610612759,0041200231,60.4,-440,-515,-500,-540,-550.0,-515,-524.0,-500.0,-550.0,53.5,-8.0,-110,-9.0,-108,-9.0,-109,-9.5,-110,-9.0,-105,-9.0,-110,-8.92,-108.67,-8.0,-9.5,-105,-110,47.1,201.0,-110,202.5,-102.0,202.5,-103,203.5,-110,204,-110,203.5,-110,202.83,-107.5,204.0,201.0,-102.0,-110,129,2,W,256
2013-05-07,away,Indiana,New York,1610612754,0041200212,0.0,205,218,225,220,215.0,220,219.6,225.0,215.0,47.4,5.5,-110,5.5,-105,6.0,-108,6.0,-115,6.0,-115,6.0,-110,5.83,-110.5,6.0,5.5,-105,-115,33.3,184.5,-110,184.0,-105.0,183.5,-109,184.0,-110,184,-115,184.0,-110,184.0,-109.83,184.5,183.5,-105.0,-115,79,-26,L,184
2013-05-07,home,New York,Indiana,1610612752,0041200212,100.0,-245,-245,-245,-260,-255.0,-260,-253.0,-245.0,-260.0,52.6,-5.5,-110,-5.5,-105,-6.0,-102,-6.0,-105,-6.0,-105,-6.0,-110,-5.83,-106.17,-5.5,-6.0,-102,-110,66.7,184.5,-110,184.0,-105.0,183.5,-101,184.0,-110,184,-105,184.0,-110,184.0,-106.83,184.5,183.5,-101.0,-110,105,26,W,184
2013-05-07,away,Memphis,Oklahoma City,1610612763,0041200222,59.9,125,128,135,125,,125,128.25,135.0,125.0,54.4,3.0,-110,2.5,-102,2.5,-101,3.0,-110,2.5,-110,2.5,-105,2.67,-106.33,3.0,2.5,-101,-110,64.0,186.0,-110,188.5,-101.0,188.5,-102,188.0,-110,189,-110,188.5,-110,188.08,-107.17,189.0,186.0,-101.0,-110,99,6,W,192
2013-05-07,home,Oklahoma City,Memphis,1610612760,0041200222,40.1,-145,-141,-145,-145,,-145,-144.0,-141.0,-145.0,45.6,-3.0,-110,-2.5,-108,-2.5,-109,-3.0,-110,-2.5,-110,-2.5,-115,-2.67,-110.33,-2.5,-3.0,-108,-115,36.0,186.0,-110,188.5,-109.0,188.5,-108,188.0,-110,189,-110,188.5,-110,188.08,-109.5,189.0,186.0,-108.0,-110,93,-6,L,192
2013-05-08,away,Chicago,Miami,1610612741,0041200202,0.0,850,915,900,910,,900,906.25,915.0,900.0,54.2,13.0,-110,13.0,-108,13.0,-108,13.0,-110,12.5,-110,12.5,-105,12.83,-108.5,13.0,12.5,-105,-110,40.0,187.5,-110,186.0,-103.0,186.0,-102,186.0,-110,187,-110,186.0,-110,186.42,-107.5,187.5,186.0,-102.0,-110,78,-37,L,193
2013-05-08,home,Miami,Chicago,1610612748,0041200202,100.0,-1200,-1250,-1100,-1360,,-1300,-1252.5,-1100.0,-1360.0,45.8,-13.0,-110,-13.0,-102,-13.0,-102,-13.0,-110,-12.5,-110,-12.5,-115,-12.83,-108.17,-12.5,-13.0,-102,-115,60.0,187.5,-110,186.0,-107.0,186.0,-108,186.0,-110,187,-110,186.0,-110,186.42,-109.17,187.5,186.0,-107.0,-110,115,37,W,193
2013-05-08,away,Golden State,San Antonio,1610612744,0041200232,52.2,340,289,290,285,260.0,270,278.8,290.0,260.0,59.9,8.0,-115,7.5,-106,7.5,-107,7.5,-110,7.0,-115,7.5,-115,7.5,-111.33,8.0,7.0,-106,-115,60.2,204.5,-110,205.0,-105.0,205.0,-105,205.5,-110,206,-105,205.0,-110,205.17,-107.5,206.0,204.5,-105.0,-110,100,9,W,191
2013-05-08,home,San Antonio,Golden State,1610612759,0041200232,47.8,-410,-330,-320,-345,-320.0,-325,-328.0,-320.0,-345.0,40.1,-8.0,-105,-7.5,-104,-7.5,-103,-7.5,-110,-7.0,-105,-7.5,-105,-7.5,-105.33,-7.0,-8.0,-103,-110,39.8,204.5,-110,205.0,-105.0,205.0,-105,205.5,-110,206,-115,205.0,-110,205.17,-109.17,206.0,204.5,-105.0,-115,91,-9,L,191
2013-05-10,away,Miami,Chicago,1610612748,0041200203,63.0,-260,-375,-380,-410,-450.0,-410,-405.0,-375.0,-450.0,64.9,-6.5,-110,-8.5,-103,-8.5,-103,-8.5,-115,-9.0,-105,-8.5,-110,-8.25,-107.67,-6.5,-9.0,-103,-115,42.9,188.0,-110,186.0,-100.0,186.0,-103,185.0,-110,186,-115,186.0,-110,186.17,-108.0,188.0,185.0,-100.0,-115,104,10,W,198
2013-05-10,home,Chicago,Miami,1610612741,0041200203,37.0,220,326,340,340,325.0,340,334.2,340.0,325.0,35.1,6.5,-110,8.5,-107,8.5,-107,8.5,-105,9.0,-115,8.5,-110,8.25,-109.0,9.0,6.5,-105,-115,57.1,188.0,-110,186.0,-110.0,186.0,-107,185.0,-110,186,-105,186.0,-110,186.17,-108.67,188.0,185.0,-105.0,-110,94,-10,L,198
2013-05-10,away,San Antonio,Golden State,1610612759,0041200233,25.0,115,124,120,125,125.0,128,124.4,128.0,120.0,4.8,2.0,-110,2.5,-107,2.0,-102,2.0,-110,3.0,-105,2.5,-105,2.33,-106.5,3.0,2.0,-102,-110,63.5,203.5,-110,201.5,-103.0,201.5,-105,201.5,-110,203,-110,202.0,-110,202.17,-108.0,203.5,201.5,-103.0,-110,102,10,W,194
2013-05-10,home,Golden State,San Antonio,1610612744,0041200233,75.0,-135,-137,-130,-145,-145.0,-148,-141.0,-130.0,-148.0,95.2,-2.0,-110,-2.5,-103,-2.0,-108,-2.0,-110,-3.0,-115,-2.5,-115,-2.33,-110.17,-2.0,-3.0,-103,-115,36.5,203.5,-110,201.5,-107.0,201.5,-105,201.5,-110,203,-110,202.0,-110,202.17,-108.67,203.5,201.5,-105.0,-110,92,-10,L,194
2013-05-11,away,New York,Indiana,1610612752,0041200213,55.0,145,184,180,190,170.0,180,180.8,190.0,170.0,33.2,4.0,-110,5.0,-102,5.0,-105,5.0,-105,5.0,-110,5.0,-110,4.83,-107.0,5.0,4.0,-102,-110,62.6,184.0,-110,183.0,-102.0,183.0,-105,183.0,-110,184,-115,183.0,-110,183.33,-108.67,184.0,183.0,-102.0,-115,71,-11,L,153
2013-05-11,home,Indiana,New York,1610612754,0041200213,45.0,-165,-205,-195,-220,-200.0,-210,-206.0,-195.0,-220.0,66.8,-4.0,-110,-5.0,-108,-5.0,-105,-5.0,-115,-5.0,-110,-5.0,-110,-4.83,-109.67,-4.0,-5.0,-105,-115,37.4,184.0,-110,183.0,-108.0,183.0,-105,183.0,-110,184,-105,183.0,-110,183.33,-108.0,184.0,183.0,-105.0,-110,82,11,W,153
2013-05-11,away,Oklahoma City,Memphis,1610612760,0041200223,57.5,170,180,185,185,185.0,180,183.0,185.0,180.0,0.0,3.5,-110,5.0,-104,5.0,-103,5.0,-105,5.0,-110,5.0,-110,4.75,-107.0,5.0,3.5,-103,-110,0.0,187.5,-110,186.5,-102.0,186.5,-108,187.0,-110,187,-110,186.5,-110,186.83,-108.33,187.5,186.5,-102.0,-110,81,-6,L,168
2013-05-11,home,Memphis,Oklahoma City,1610612763,0041200223,42.5,-195,-200,-200,-215,-225.0,-210,-210.0,-200.0,-225.0,100.0,-3.5,-110,-5.0,-106,-5.0,-107,-5.0,-115,-5.0,-110,-5.0,-110,-4.75,-109.67,-3.5,-5.0,-106,-115,100.0,187.5,-110,186.5,-108.0,186.5,-102,187.0,-110,187,-110,186.5,-110,186.83,-108.33,187.5,186.5,-102.0,-110,87,6,W,168
2013-05-12,away,San Antonio,Golden State,1610612759,0041200234,0.0,105,-128,-125,-125,,-125,-125.75,-125.0,-128.0,6.7,1.5,-110,-2.0,-104,-2.0,-105,-2.0,-110,-2.0,-110,-1.5,-110,-1.33,-108.17,1.5,-2.0,-104,-110,0.0,201.5,-110,198.0,-109.0,198.5,-101,198.5,-110,198,-115,198.5,-110,198.83,-109.17,201.5,198.0,-101.0,-115,87,-10,L,184
2013-05-12,home,Golden State,San Antonio,1610612744,0041200234,100.0,-125,116,115,105,,105,110.25,116.0,105.0,93.3,-1.5,-110,2.0,-106,2.0,-105,2.0,-110,2.0,-110,1.5,-110,1.33,-108.5,2.0,-1.5,-105,-110,100.0,201.5,-110,198.0,-101.0,198.5,-109,198.5,-110,198,-105,198.5,-110,198.83,-107.5,201.5,198.0,-101.0,-110,97,10,W,184
2013-05-13,away,Miami,Chicago,1610612748,0041200204,0.0,-415,-345,-360,-380,-380.0,-395,-372.0,-345.0,-395.0,48.6,-7.5,-110,-7.5,-106,-8.0,-102,-8.0,-105,-8.0,-110,-8.0,-110,-7.83,-107.17,-7.5,-8.0,-102,-110,46.4,187.0,-110,185.0,-105.0,185.0,-105,185.5,-110,186,-105,185.0,-110,185.58,-107.5,187.0,185.0,-105.0,-110,88,23,W,153
2013-05-13,home,Chicago,Miami,1610612741,0041200204,100.0,345,301,325,320,290.0,325,312.2,325.0,290.0,51.4,7.5,-110,7.5,-104,8.0,-108,8.0,-115,8.0,-110,8.0,-110,7.83,-109.5,8.0,7.5,-104,-115,53.6,187.0,-110,185.0,-105.0,185.0,-105,185.5,-110,186,-115,185.0,-110,185.58,-109.17,187.0,185.0,-105.0,-115,65,-23,L,153
2013-05-13,away,Oklahoma City,Memphis,1610612760,0041200224,50.2,165,173,170,185,165.0,165,171.6,185.0,165.0,43.1,4.5,-110,5.0,-108,4.5,-101,5.0,-110,4.5,-110,4.5,-117,4.67,-109.33,5.0,4.5,-101,-117,45.2,184.5,-110,185.0,-105.0,185.0,-107,185.0,-110,185,-115,185.0,-110,184.92,-109.5,185.0,184.5,-105.0,-115,97,-6,L,200
2013-05-13,home,Memphis,Oklahoma City,1610612763,0041200224,49.8,-190,-193,-185,-210,-190.0,-190,-193.6,-185.0,-210.0,56.9,-4.5,-110,-5.0,-102,-4.5,-109,-5.0,-110,-4.5,-110,-4.5,-103,-4.67,-107.33,-4.5,-5.0,-102,-110,54.8,184.5,-110,185.0,-105.0,185.0,-103,185.0,-110,185,-105,185.0,-110,184.92,-107.17,185.0,184.5,-103.0,-110,103,6,W,200
2013-05-14,away,New York,Indiana,1610612752,0041200214,62.1,175,184,185,185,175.0,180,181.8,185.0,175.0,57.1,5.0,-110,5.0,-103,5.0,-105,5.0,-115,5.0,-110,5.0,-110,5.0,-108.83,5.0,5.0,-103,-115,0.0,181.0,-110,179.5,-109.0,180.0,-107,181.0,-110,181,-105,180.0,-110,180.42,-108.5,181.0,179.5,-105.0,-110,82,-11,L,175
2013-05-14,home,Indiana,New York,1610612754,0041200214,37.9,-205,-205,-200,-215,-210.0,-210,-208.0,-200.0,-215.0,42.9,-5.0,-110,-5.0,-107,-5.0,-105,-5.0,-105,-5.0,-110,-5.0,-110,-5.0,-107.83,-5.0,-5.0,-105,-110,100.0,181.0,-110,179.5,-101.0,180.0,-103,181.0,-110,181,-115,180.0,-110,180.42,-108.17,181.0,179.5,-101.0,-115,93,11,W,175
2013-05-14,away,Golden State,San Antonio,1610612744,0041200235,63.1,260,269,275,260,245.0,265,262.8,275.0,245.0,59.7,8.0,-110,7.0,-102,7.0,-103,7.0,-110,7.0,-120,7.0,-110,7.17,-109.17,8.0,7.0,-102,-120,4.8,195.0,-110,194.5,-105.0,194.5,-108,195.0,-110,195,-115,194.5,-115,194.75,-110.5,195.0,194.5,-105.0,-115,91,-18,L,200
2013-05-14,home,San Antonio,Golden State,1610612759,0041200235,36.9,-310,-305,-305,-320,-290.0,-315,-307.0,-290.0,-320.0,40.3,-8.0,-110,-7.0,-108,-7.0,-107,-7.0,-110,-7.0,-100,-7.0,-110,-7.17,-107.5,-7.0,-8.0,-100,-110,95.2,195.0,-110,194.5,-105.0,194.5,-102,195.0,-110,195,-105,194.5,-105,194.75,-106.17,195.0,194.5,-102.0,-110,109,18,W,200
2013-05-15,away,Chicago,Miami,1610612741,0041200205,56.0,1300,1200,1400,1255,,1200,1263.75,1400.0,1200.0,0.0,14.0,-110,14.0,-108,14.0,-102,14.0,-110,14.0,-105,14.0,-110,14.0,-107.5,14.0,14.0,-102,-110,55.9,183.0,-110,181.5,-104.0,181.5,-105,181.5,-110,182,-105,181.5,-110,181.83,-107.33,183.0,181.5,-104.0,-110,91,-3,L,185
2013-05-15,home,Miami,Chicago,1610612748,0041200205,44.0,-2200,-2000,-1800,-1955,,-2000,-1938.75,-1800.0,-2000.0,100.0,-14.0,-110,-14.0,-102,-14.0,-108,-14.0,-110,-14.0,-115,-14.0,-110,-14.0,-109.17,-14.0,-14.0,-102,-115,44.1,183.0,-110,181.5,-106.0,181.5,-105,181.5,-110,182,-115,181.5,-110,181.83,-109.33,183.0,181.5,-105.0,-115,94,3,W,185
2013-05-15,away,Memphis,Oklahoma City,1610612763,0041200225,39.8,150,182,180,175,170.0,175,176.4,182.0,170.0,46.5,3.5,-110,4.5,-102,4.5,-102,4.5,-110,5.0,-115,5.0,-115,4.5,-109.0,5.0,3.5,-102,-115,60.7,185.0,-110,185.5,-102.0,185.0,-105,185.5,-110,186,-105,185.5,-115,185.42,-107.83,186.0,185.0,-102.0,-115,88,4,W,172
2013-05-15,home,Oklahoma City,Memphis,1610612760,0041200225,60.2,-170,-203,-195,-200,-200.0,-205,-200.6,-195.0,-205.0,53.5,-3.5,-110,-4.5,-113,-4.5,-108,-4.5,-110,-5.0,-105,-5.0,-105,-4.5,-108.5,-3.5,-5.0,-105,-113,39.3,185.0,-110,185.5,-113.0,185.0,-105,185.5,-110,186,-115,185.5,-105,185.42,-109.67,186.0,185.0,-105.0,-115,84,-4,L,172
2013-05-16,away,Indiana,New York,1610612754,0041200215,58.8,165,180,173,185,165.0,175,175.6,185.0,165.0,35.3,4.5,-110,5.0,-106,4.5,-101,5.5,-115,5.0,-110,5.0,-110,4.92,-108.67,5.5,4.5,-101,-115,56.7,180.5,-110,182.0,-105.0,182.0,-103,181.5,-110,182,-110,181.5,-110,181.58,-108.0,182.0,180.5,-103.0,-110,75,-10,L,160
2013-05-16,home,New York,Indiana,1610612752,0041200215,41.2,-190,-201,-188,-210,-190.0,-205,-198.8,-188.0,-210.0,64.7,-4.5,-110,-5.0,-104,-4.5,-109,-5.5,-105,-5.0,-110,-5.0,-110,-4.92,-108.0,-4.5,-5.5,-104,-110,43.3,180.5,-110,182.0,-105.0,182.0,-107,181.5,-110,182,-110,181.5,-110,181.58,-108.67,182.0,180.5,-105.0,-110,85,10,W,160
2013-05-16,away,San Antonio,Golden State,1610612759,0041200236,44.1,-120,-138,-135,-145,,-145,-140.75,-135.0,-145.0,38.7,-1.5,-105,-2.5,-106,-2.5,-105,-2.5,-110,-2.0,-115,-2.5,-110,-2.25,-108.5,-1.5,-2.5,-105,-115,52.2,195.5,-110,194.5,-106.0,194.5,-105,194.5,-110,195,-110,194.5,-110,194.75,-108.5,195.5,194.5,-105.0,-110,94,12,W,176
2013-05-16,home,Golden State,San Antonio,1610612744,0041200236,55.9,100,125,125,125,,125,125.0,125.0,125.0,61.3,1.5,-115,2.5,-104,2.5,-105,2.5,-110,2.0,-105,2.5,-110,2.25,-108.17,2.5,1.5,-104,-115,47.8,195.5,-110,194.5,-104.0,194.5,-105,194.5,-110,195,-110,194.5,-110,194.75,-108.17,195.5,194.5,-104.0,-110,82,-12,L,176
2013-05-18,away,New York,Indiana,1610612752,0041200216,41.2,165,193,200,200,185.0,190,193.6,200.0,185.0,32.9,5.0,-110,5.5,-106,5.5,-105,5.5,-110,5.5,-115,5.5,-110,5.42,-109.33,5.5,5.0,-105,-115,3.7,179.5,-110,179.5,-103.0,179.5,-103,179.5,-110,179,-115,179.0,-110,179.33,-108.5,179.5,179.0,-103.0,-115,99,-7,L,205
2013-05-18,home,Indiana,New York,1610612754,0041200216,58.8,-190,-215,-220,-235,-225.0,-220,-223.0,-215.0,-235.0,67.1,-5.0,-110,-5.5,-104,-5.5,-105,-5.5,-110,-5.5,-105,-5.5,-110,-5.42,-107.33,-5.0,-5.5,-104,-110,96.3,179.5,-110,179.5,-107.0,179.5,-107,179.5,-110,179,-105,179.0,-110,179.33,-108.17,179.5,179.0,-105.0,-110,106,7,W,205
2013-05-19,away,Memphis,San Antonio,1610612763,0041200311,51.9,155,175,175,185,170.0,170,175.0,185.0,170.0,52.4,4.0,-110,4.5,-101,4.5,-101,4.5,-110,4.5,-110,4.5,-110,4.42,-107.0,4.5,4.0,-101,-110,49.5,183.5,-110,181.5,-100.0,182.0,-105,182.0,-110,182,-115,181.5,-110,182.08,-108.33,183.5,181.5,-100.0,-115,83,-22,L,188
2013-05-19,home,San Antonio,Memphis,1610612759,0041200311,48.1,-175,-195,-190,-210,-200.0,-195,-198.0,-190.0,-210.0,47.6,-4.0,-110,-4.5,-109,-4.5,-109,-4.5,-110,-4.5,-110,-4.5,-110,-4.42,-109.67,-4.0,-4.5,-109,-110,50.5,183.5,-110,181.5,-110.0,182.0,-105,182.0,-110,182,-105,181.5,-110,182.08,-108.33,183.5,181.5,-105.0,-110,105,22,W,188
2013-05-21,away,Memphis,San Antonio,1610612763,0041200312,0.0,165,201,200,200,180.0,190,194.2,201.0,180.0,38.3,4.5,-115,5.0,-102,5.0,-102,5.0,-105,5.5,-115,5.0,-105,5.0,-107.33,5.5,4.5,-102,-115,0.0,183.5,-110,181.0,-105.0,181.0,-105,181.5,-110,181,-110,180.5,-110,181.42,-108.33,183.5,180.5,-105.0,-110,89,-4,L,182
2013-05-21,home,San Antonio,Memphis,1610612759,0041200312,100.0,-190,-225,-220,-235,-220.0,-220,-224.0,-220.0,-235.0,61.7,-4.5,-105,-5.0,-108,-5.0,-108,-5.0,-115,-5.5,-105,-5.0,-115,-5.0,-109.33,-4.5,-5.5,-105,-115,100.0,183.5,-110,181.0,-105.0,181.0,-105,181.5,-110,181,-110,180.5,-110,181.42,-108.33,183.5,180.5,-105.0,-110,93,4,W,182
2013-05-22,away,Indiana,Miami,1610612754,0041200301,0.0,330,393,400,385,325.0,390,378.6,400.0,325.0,48.5,8.5,-110,8.5,-103,8.5,-102,9.0,-115,8.5,-110,8.5,-110,8.58,-108.33,9.0,8.5,-102,-115,50.0,183.5,-110,181.5,-105.0,181.5,-108,182.0,-110,182,-115,181.5,-110,182.0,-109.67,183.5,181.5,-105.0,-115,102,-1,L,205
2013-05-22,home,Miami,Indiana,1610612748,0041200301,100.0,-400,-460,-450,-490,-450.0,-475,-465.0,-450.0,-490.0,51.5,-8.5,-110,-8.5,-107,-8.5,-108,-9.0,-105,-8.5,-110,-8.5,-110,-8.58,-108.33,-8.5,-9.0,-105,-110,50.0,183.5,-110,181.5,-105.0,181.5,-102,182.0,-110,182,-105,181.5,-110,182.0,-107.0,183.5,181.5,-102.0,-110,103,1,W,205
2013-05-24,away,Indiana,Miami,1610612754,0041200302,50.4,260,302,305,300,280.0,300,297.4,305.0,280.0,56.6,7.0,-110,7.5,-107,7.5,-108,7.5,-110,7.5,-115,7.5,-110,7.42,-110.0,7.5,7.0,-107,-115,59.4,182.0,-110,182.5,-102.0,182.5,-105,182.5,-110,183,-110,182.5,-110,182.5,-107.83,183.0,182.0,-102.0,-110,97,4,W,190
2013-05-24,home,Miami,Indiana,1610612748,0041200302,49.6,-310,-346,-335,-360,-360.0,-360,-352.2,-335.0,-360.0,43.4,-7.0,-110,-7.5,-103,-7.5,-102,-7.5,-110,-7.5,-105,-7.5,-110,-7.42,-106.67,-7.0,-7.5,-102,-110,40.6,182.0,-110,182.5,-108.0,182.5,-105,182.5,-110,183,-110,182.5,-110,182.5,-108.83,183.0,182.0,-105.0,-110,93,-4,L,190
2013-05-25,away,San Antonio,Memphis,1610612759,0041200313,52.8,180,180,180,180,175.0,180,179.0,180.0,175.0,0.0,4.5,-110,4.5,-102,4.5,-102,4.5,-110,5.0,-120,4.5,-110,4.58,-109.0,5.0,4.5,-102,-120,0.0,178.5,-110,180.0,-103.0,180.0,-103,179.5,-110,181,-110,180.5,-110,179.92,-107.67,181.0,178.5,-103.0,-110,104,11,W,197
2013-05-25,home,Memphis,San Antonio,1610612763,0041200313,47.2,-210,-200,-195,-210,-210.0,-210,-205.0,-195.0,-210.0,100.0,-4.5,-110,-4.5,-108,-4.5,-108,-4.5,-110,-5.0,-100,-4.5,-110,-4.58,-107.67,-4.5,-5.0,-100,-110,100.0,178.5,-110,180.0,-107.0,180.0,-107,179.5,-110,181,-110,180.5,-110,179.92,-109.0,181.0,178.5,-107.0,-110,93,-11,L,197
2013-05-26,away,Miami,Indiana,1610612748,0041200303,0.0,-125,-123,-123,-135,,-130,-127.75,-123.0,-135.0,54.5,0.0,-110,-2.0,-101,-2.0,-102,-2.0,-110,-2.5,-110,-2.0,-110,-1.75,-107.17,0.0,-2.5,-101,-110,31.2,182.0,-110,182.0,-107.0,182.0,-108,182.5,-110,183,-110,182.5,-110,182.33,-109.17,183.0,182.0,-107.0,-110,114,18,W,210
2013-05-26,home,Indiana,Miami,1610612754,0041200303,100.0,105,111,113,115,,110,112.25,115.0,110.0,45.5,0.0,-110,2.0,-109,2.0,-108,2.0,-110,2.5,-110,2.0,-110,1.75,-109.5,2.5,0.0,-108,-110,68.8,182.0,-110,182.0,-103.0,182.0,-102,182.5,-110,183,-110,182.5,-110,182.33,-107.5,183.0,182.0,-102.0,-110,96,-18,L,210
2013-05-27,away,San Antonio,Memphis,1610612759,0041200314,55.9,130,124,127,125,,125,125.25,127.0,124.0,47.8,3.0,-110,2.5,-107,2.5,-105,2.5,-110,2.5,-110,2.5,-110,2.58,-108.67,3.0,2.5,-105,-110,63.0,179.0,-110,182.0,-104.0,182.0,-107,182.5,-110,183,-110,182.5,-110,181.83,-108.5,183.0,179.0,-104.0,-110,93,7,W,179
2013-05-27,home,Memphis,San Antonio,1610612763,0041200314,44.1,-150,-137,-137,-145,,-145,-141.0,-137.0,-145.0,52.2,-3.0,-110,-2.5,-103,-2.5,-105,-2.5,-110,-2.5,-110,-2.5,-110,-2.58,-108.0,-2.5,-3.0,-103,-110,37.0,179.0,-110,182.0,-106.0,182.0,-103,182.5,-110,183,-110,182.5,-110,181.83,-108.17,183.0,179.0,-103.0,-110,86,-7,L,179
2013-05-28,away,Miami,Indiana,1610612748,0041200304,55.4,-130,-144,-145,-150,-160.0,-150,-149.8,-144.0,-160.0,57.7,-2.0,-105,-3.0,-101,-3.0,-102,-3.0,-105,-3.5,-105,-3.0,-110,-2.92,-104.67,-2.0,-3.5,-101,-110,51.6,185.0,-110,184.5,-105.0,185.0,-105,185.0,-110,186,-110,185.0,-110,185.08,-108.33,186.0,184.5,-105.0,-110,92,-7,L,191
2013-05-28,home,Indiana,Miami,1610612754,0041200304,44.6,110,130,135,130,140.0,130,133.0,140.0,130.0,42.3,2.0,-115,3.0,-109,3.0,-108,3.0,-115,3.5,-115,3.0,-110,2.92,-112.0,3.5,2.0,-108,-115,48.4,185.0,-110,184.5,-105.0,185.0,-105,185.0,-110,186,-110,185.0,-110,185.08,-108.33,186.0,184.5,-105.0,-110,99,7,W,191
2013-05-30,away,Indiana,Miami,1610612754,0041200305,14.3,285,326,340,325,300.0,310,320.2,340.0,300.0,55.0,8.0,-110,7.5,-109,7.5,-108,7.5,-110,7.0,-110,7.0,-110,7.42,-109.5,8.0,7.0,-108,-110,62.1,183.5,-110,185.5,-105.0,185.5,-102,185.5,-110,187,-105,185.5,-110,185.42,-107.0,187.0,183.5,-102.0,-110,79,-11,L,169
2013-05-30,home,Miami,Indiana,1610612748,0041200305,85.7,-340,-375,-380,-395,-400.0,-370,-384.0,-370.0,-400.0,45.0,-8.0,-110,-7.5,-101,-7.5,-102,-7.5,-110,-7.0,-110,-7.0,-110,-7.42,-107.17,-7.0,-8.0,-101,-110,37.9,183.5,-110,185.5,-105.0,185.5,-108,185.5,-110,187,-115,185.5,-110,185.42,-109.67,187.0,183.5,-105.0,-115,90,11,W,169
2013-06-01,away,Miami,Indiana,1610612748,0041200306,33.3,-140,-146,-145,-145,-155.0,-140,-146.2,-140.0,-155.0,52.5,-3.0,-110,-3.0,-102,-3.0,-105,-3.0,-110,-3.0,-115,-2.5,-115,-2.92,-109.5,-2.5,-3.0,-102,-115,0.0,183.5,-110,183.5,-105.0,183.5,-108,184.0,-110,184,-115,183.5,-110,183.67,-109.67,184.0,183.5,-105.0,-115,77,-14,L,168
2013-06-01,home,Indiana,Miami,1610612754,0041200306,66.7,120,132,135,125,135.0,120,129.4,135.0,120.0,47.5,3.0,-110,3.0,-108,3.0,-105,3.0,-110,3.0,-105,2.5,-105,2.92,-107.17,3.0,2.5,-105,-110,100.0,183.5,-110,183.5,-105.0,183.5,-102,184.0,-110,184,-105,183.5,-110,183.67,-107.0,184.0,183.5,-102.0,-110,91,14,W,168
2013-06-03,away,Indiana,Miami,1610612754,0041200307,56.1,300,310,320,305,280.0,300,303.0,320.0,280.0,55.2,7.0,-110,7.0,-107,7.0,-105,7.0,-110,7.0,-115,7.0,-110,7.0,-109.5,7.0,7.0,-105,-115,53.8,181.0,-110,180.5,-103.0,180.5,-108,181.0,-110,181,-110,180.5,-115,180.75,-109.33,181.0,180.5,-103.0,-115,76,-23,L,175
2013-06-03,home,Miami,Indiana,1610612748,0041200307,43.9,-360,-355,-355,-365,-360.0,-360,-359.0,-355.0,-365.0,44.8,-7.0,-110,-7.0,-103,-7.0,-105,-7.0,-110,-7.0,-105,-7.0,-110,-7.0,-107.17,-7.0,-7.0,-103,-110,46.2,181.0,-110,180.5,-107.0,180.5,-102,181.0,-110,181,-110,180.5,-105,180.75,-107.33,181.0,180.5,-102.0,-110,99,23,W,175
2013-06-06,away,San Antonio,Miami,1610612759,0041200401,58.0,210,199,200,185,175.0,190,189.8,200.0,175.0,53.8,5.5,-110,5.0,-101,5.0,-106,5.0,-110,5.0,-115,5.0,-110,5.08,-108.67,5.5,5.0,-101,-115,53.4,187.5,-110,189.5,-105.0,190.0,-102,190.0,-110,191,-105,190.0,-110,189.67,-107.0,191.0,187.5,-102.0,-110,92,4,W,180
2013-06-06,home,Miami,San Antonio,1610612748,0041200401,42.0,-250,-222,-220,-220,-210.0,-220,-218.4,-210.0,-222.0,46.2,-5.5,-110,-5.0,-109,-5.0,-104,-5.0,-110,-5.0,-105,-5.0,-110,-5.08,-108.0,-5.0,-5.5,-104,-110,46.6,187.5,-110,189.5,-105.0,190.0,-108,190.0,-110,191,-115,190.0,-110,189.67,-109.67,191.0,187.5,-105.0,-115,88,-4,L,180
2013-06-09,away,San Antonio,Miami,1610612759,0041200402,48.7,210,264,280,270,260.0,270,268.8,280.0,260.0,51.1,5.5,-110,6.5,-110,6.5,-107,6.5,-110,6.0,-105,6.0,-105,6.17,-107.83,6.5,5.5,-105,-110,57.1,187.0,-110,189.5,-101.0,189.5,-102,189.5,-110,190,-110,189.5,-110,189.17,-107.17,190.0,187.0,-101.0,-110,84,-19,L,187
2013-06-09,home,Miami,San Antonio,1610612748,0041200402,51.3,-250,-300,-310,-330,-320.0,-325,-317.0,-300.0,-330.0,48.9,-5.5,-110,-6.5,-100,-6.5,-103,-6.5,-110,-6.0,-115,-6.0,-115,-6.17,-108.83,-5.5,-6.5,-100,-115,42.9,187.0,-110,189.5,-109.0,189.5,-108,189.5,-110,190,-110,189.5,-110,189.17,-109.5,190.0,187.0,-108.0,-110,103,19,W,187
2013-06-11,away,Miami,San Antonio,1610612748,0041200403,49.8,120,115,120,120,,115,117.5,120.0,115.0,49.5,2.0,-110,2.0,-105,2.0,-101,2.0,-105,2.0,-115,2.0,-110,2.0,-107.67,2.0,2.0,-101,-115,50.0,188.0,-110,187.0,-105.0,187.0,-102,187.0,-110,188,-110,187.5,-110,187.42,-107.83,188.0,187.0,-102.0,-110,77,-36,L,190
2013-06-11,home,San Antonio,Miami,1610612759,0041200403,50.2,-140,-127,-130,-140,,-135,-133.0,-127.0,-140.0,50.5,-2.0,-110,-2.0,-105,-2.0,-105,-2.0,-115,-2.0,-105,-2.0,-110,-2.0,-108.33,-2.0,-2.0,-105,-115,50.0,188.0,-110,187.0,-105.0,187.0,-108,187.0,-110,188,-110,187.5,-110,187.42,-108.83,188.0,187.0,-105.0,-110,113,36,W,190
2013-06-13,away,Miami,San Antonio,1610612748,0041200404,55.5,105,-113,-115,-120,,-120,-117.0,-113.0,-120.0,54.4,2.0,-110,-1.0,-106,-1.0,-109,-1.5,-110,-2.0,-110,-1.0,-115,-0.75,-110.0,2.0,-2.0,-106,-115,35.8,188.5,-110,186.0,-107.0,186.5,-103,186.5,-110,187,-110,186.5,-110,186.83,-108.33,188.5,186.0,-103.0,-110,109,16,W,202
2013-06-13,home,San Antonio,Miami,1610612759,0041200404,44.5,-125,102,105,100,,100,101.75,105.0,100.0,45.6,-2.0,-110,1.0,-104,1.0,-101,1.5,-110,2.0,-110,1.0,-105,0.75,-106.67,2.0,-2.0,-101,-110,64.2,188.5,-110,186.0,-103.0,186.5,-107,186.5,-110,187,-110,186.5,-110,186.83,-108.33,188.5,186.0,-103.0,-110,93,-16,L,202
2013-06-16,away,Miami,San Antonio,1610612748,0041200405,0.0,-115,-109,-112,-120,,-113,-113.5,-109.0,-120.0,47.3,0.0,-110,-1.0,-103,-1.0,-103,-1.0,-110,-1.0,-110,-1.0,-110,-0.83,-107.67,0.0,-1.0,-103,-110,53.4,187.5,-110,189.0,-105.0,189.0,-105,187.5,-110,189,-115,189.0,-110,188.5,-109.17,189.0,187.5,-105.0,-115,104,-10,L,218
2013-06-16,home,San Antonio,Miami,1610612759,0041200405,100.0,-105,-101,102,100,,-107,-1.5,102.0,-107.0,52.7,0.0,-110,1.0,-107,1.0,-107,1.0,-110,1.0,-110,1.0,-110,0.83,-109.0,1.0,0.0,-107,-110,46.6,187.5,-110,189.0,-105.0,189.0,-105,187.5,-110,189,-105,189.0,-110,188.5,-107.5,189.0,187.5,-105.0,-110,114,10,W,218
2013-06-18,away,San Antonio,Miami,1610612759,0041200406,60.8,285,275,280,265,240.0,255,263.0,280.0,240.0,44.0,7.0,-110,6.5,-101,6.5,-101,6.5,-110,7.0,-110,6.5,-105,6.67,-106.17,7.0,6.5,-101,-110,50.5,190.0,-110,192.0,-102.0,191.5,-105,191.0,-110,192,-110,192.0,-110,191.42,-107.83,192.0,190.0,-102.0,-110,100,-3,L,203
2013-06-18,home,Miami,San Antonio,1610612748,0041200406,39.2,-340,-313,-310,-325,-280.0,-305,-306.6,-280.0,-325.0,56.0,-7.0,-110,-6.5,-109,-6.5,-109,-6.5,-110,-7.0,-110,-6.5,-115,-6.67,-110.5,-6.5,-7.0,-109,-115,49.5,190.0,-110,192.0,-108.0,191.5,-105,191.0,-110,192,-110,192.0,-110,191.42,-108.83,192.0,190.0,-105.0,-110,103,3,W,203
2013-06-20,away,San Antonio,Miami,1610612759,0041200407,51.6,230,218,220,210,180.0,205,206.6,220.0,180.0,54.3,6.0,-110,5.5,-103,5.5,-103,5.0,-105,5.0,-105,5.5,-110,5.42,-106.0,6.0,5.0,-103,-110,34.8,190.5,-110,187.0,-103.0,187.5,-101,187.5,-110,189,-105,187.5,-110,188.17,-106.5,190.5,187.0,-101.0,-110,88,-7,L,183
2013-06-20,home,Miami,San Antonio,1610612748,0041200407,48.4,-275,-245,-240,-250,-220.0,-245,-240.0,-220.0,-250.0,45.7,-6.0,-110,-5.5,-107,-5.5,-107,-5.0,-115,-5.0,-115,-5.5,-110,-5.42,-110.67,-5.0,-6.0,-107,-115,65.2,190.5,-110,187.0,-107.0,187.5,-109,187.5,-110,189,-115,187.5,-110,188.17,-110.17,190.5,187.0,-107.0,-115,95,7,W,183
