Date,Location,Team,OppTeam,TeamId,GameId,PercentBet_ML,Open_Line_ML,Pinnacle_ML,5dimes_ML,Heritage_ML,Bovada_ML,Betonline_ML,Average_Line_ML,Best_Line_ML,Worst_Line_ML,PercentBet_Spread,Open_Line_Spread,Open_Odds_Spread,Pinnacle_Line_Spread,Pinnacle_Odds_Spread,5dimes_Line_Spread,5dimes_Odds_Spread,Heritage_Line_Spread,Heritage_Odds_Spread,Bovada_Line_Spread,Bovada_Odds_Spread,Betonline_Line_Spread,Betonline_Odds_Spread,Average_Line_Spread,Average_Odds_Spread,Best_Line_Spread,Worst_Line_Spread,Best_Odds_Spread,Worst_Odds_Spread,PercentBet_OU,Open_Line_OU,Open_Odds_OU,Pinnacle_Line_OU,Pinnacle_Odds_OU,5dimes_Line_OU,5dimes_Odds_OU,Heritage_Line_OU,Heritage_Odds_OU,Bovada_Line_OU,Bovada_Odds_OU,Betonline_Line_OU,Betonline_Odds_OU,Average_Line_OU,Average_Odds_OU,Best_Line_OU,Worst_Line_OU,Best_Odds_OU,Worst_Odds_OU,Pts,Spread,Result,Total
2014-04-19,away,Atlanta,Indiana,1610612737,0041300101,43.7,250,345,330,325,300.0,335,327.0,345.0,300.0,0.0,7.0,-110,8.0,-105,8.0,-105,8.0,-110,8.0,-110,8.0,-110,7.83,-108.33,8.0,7.0,-105,-110,0.0,186.5,-110,185.5,-104,185.5,-103,185.5,-110,186,-115,185.5,-105,185.75,-107.83,186.5,185.5,-103,-115,101,8,W,194
2014-04-19,home,Indiana,Atlanta,1610612754,0041300101,56.3,-300,-399,-370,-405,-400.0,-405,-395.8,-370.0,-405.0,100.0,-7.0,-110,-8.0,-105,-8.0,-105,-8.0,-110,-8.0,-110,-8.0,-110,-7.83,-108.33,-7.0,-8.0,-105,-110,100.0,186.5,-110,185.5,-106,185.5,-107,185.5,-110,186,-105,185.5,-115,185.75,-108.83,186.5,185.5,-105,-115,93,-8,L,194
2014-04-19,away,Brooklyn,Toronto,1610612751,0041300121,51.5,145,156,150,150,140.0,146,148.4,156.0,140.0,39.5,3.5,-110,3.5,-101,3.5,-101,3.5,-110,3.5,-110,3.5,-110,3.5,-107.0,3.5,3.5,-101,-110,0.0,196.5,-110,192.5,-102,192.0,-105,192.5,-110,193,-110,192.0,-110,193.08,-107.83,196.5,192.0,-102,-110,94,7,W,181
2014-04-19,home,Toronto,Brooklyn,1610612761,0041300121,48.5,-165,-173,-160,-170,-160.0,-166,-165.8,-160.0,-173.0,60.5,-3.5,-110,-3.5,-109,-3.5,-109,-3.5,-110,-3.5,-110,-3.5,-110,-3.5,-109.67,-3.5,-3.5,-109,-110,100.0,196.5,-110,192.5,-108,192.0,-105,192.5,-110,193,-110,192.0,-110,193.08,-108.83,196.5,192.0,-105,-110,87,-7,L,181
2014-04-19,away,Memphis,Oklahoma City,1610612763,0041300151,45.6,235,330,335,315,300.0,310,318.0,335.0,300.0,0.0,6.5,-110,8.0,-107,8.0,-105,8.0,-110,7.5,-105,8.0,-110,7.67,-107.83,8.0,6.5,-105,-110,7.7,191.0,-110,190.5,-103,190.5,-105,190.0,-110,191,-110,190.5,-110,190.58,-108.0,191.0,190.0,-103,-110,86,-14,L,186
2014-04-19,home,Oklahoma City,Memphis,1610612760,0041300151,54.4,-280,-380,-375,-395,-400.0,-370,-384.0,-370.0,-400.0,100.0,-6.5,-110,-8.0,-103,-8.0,-105,-8.0,-110,-7.5,-115,-8.0,-110,-7.67,-108.83,-6.5,-8.0,-103,-115,92.3,191.0,-110,190.5,-107,190.5,-105,190.0,-110,191,-110,190.5,-110,190.58,-108.67,191.0,190.0,-105,-110,100,14,W,186
2014-04-19,away,Golden State,L.A. Clippers,1610612744,0041300161,51.4,235,305,300,285,270.0,290,290.0,305.0,270.0,0.0,6.5,-110,7.5,-102,7.5,-105,7.5,-110,7.5,-120,7.5,-110,7.33,-109.5,7.5,6.5,-102,-120,42.9,212.0,-110,211.0,-108,211.0,-105,211.0,-110,212,-110,211.0,-110,211.33,-108.83,212.0,211.0,-105,-110,109,4,W,214
2014-04-19,home,L.A. Clippers,Golden State,1610612746,0041300161,48.6,-280,-350,-330,-355,-340.0,-350,-345.0,-330.0,-355.0,100.0,-6.5,-110,-7.5,-108,-7.5,-105,-7.5,-110,-7.5,-100,-7.5,-110,-7.33,-107.17,-6.5,-7.5,-100,-110,57.1,212.0,-110,211.0,-102,211.0,-105,211.0,-110,212,-110,211.0,-110,211.33,-107.83,212.0,211.0,-102,-110,105,-4,L,214
2014-04-20,away,Charlotte,Miami,1610612766,0041300111,38.6,485,524,535,510,450.0,500,503.8,535.0,450.0,0.0,9.0,-110,10.0,-104,10.0,-105,10.0,-110,10.5,-115,10.0,-110,9.92,-109.0,10.5,9.0,-104,-115,0.0,189.0,-110,185.5,-110,185.5,-108,186.0,-110,187,-105,186.0,-110,186.5,-108.83,189.0,185.5,-105,-110,88,-11,L,187
2014-04-20,home,Miami,Charlotte,1610612748,0041300111,61.4,-615,-636,-650,-660,-700.0,-640,-657.2,-636.0,-700.0,100.0,-9.0,-110,-10.0,-106,-10.0,-105,-10.0,-110,-10.5,-105,-10.0,-110,-9.92,-107.67,-9.0,-10.5,-105,-110,100.0,189.0,-110,185.5,-100,185.5,-102,186.0,-110,187,-115,186.0,-110,186.5,-107.83,189.0,185.5,-100,-115,99,11,W,187
2014-04-20,away,Washington,Chicago,1610612764,0041300131,33.3,180,173,177,175,165.0,168,171.6,177.0,165.0,0.0,2.5,-110,4.5,-102,4.5,-102,5.0,-110,5.0,-115,4.5,-113,4.33,-108.67,5.0,2.5,-102,-115,0.0,182.0,-110,178.5,-104,178.5,-105,178.5,-110,179,-115,178.5,-110,179.17,-109.0,182.0,178.5,-104,-115,102,9,W,195
2014-04-20,home,Chicago,Washington,1610612741,0041300131,66.7,-210,-193,-192,-200,-190.0,-193,-193.6,-190.0,-200.0,100.0,-2.5,-110,-4.5,-108,-4.5,-108,-5.0,-110,-5.0,-105,-4.5,-107,-4.33,-108.0,-2.5,-5.0,-105,-110,100.0,182.0,-110,178.5,-106,178.5,-105,178.5,-110,179,-105,178.5,-110,179.17,-107.67,182.0,178.5,-105,-110,93,-9,L,195
2014-04-20,away,Dallas,San Antonio,1610612742,0041300141,33.3,330,431,450,425,375.0,430,422.2,450.0,375.0,49.6,9.0,-110,9.0,-102,9.0,-102,9.5,-110,9.0,-110,9.5,-110,9.17,-107.33,9.5,9.0,-102,-110,52.4,205.5,-110,203.5,-105,203.0,-105,203.5,-110,203,-110,202.5,-110,203.5,-108.33,205.5,202.5,-105,-110,85,-5,L,175
2014-04-20,home,San Antonio,Dallas,1610612759,0041300141,66.7,-400,-510,-525,-550,-550.0,-535,-534.0,-510.0,-550.0,50.4,-9.0,-110,-9.0,-108,-9.0,-108,-9.5,-110,-9.0,-110,-9.5,-110,-9.17,-109.33,-9.0,-9.5,-108,-110,47.6,205.5,-110,203.5,-105,203.0,-105,203.5,-110,203,-110,202.5,-110,203.5,-108.33,205.5,202.5,-105,-110,90,5,W,175
2014-04-20,away,Portland,Houston,1610612757,0041300171,43.6,180,194,185,190,190.0,190,189.8,194.0,185.0,0.0,5.0,-110,5.0,-101,5.0,-103,5.0,-110,6.0,-115,5.0,-110,5.17,-108.17,6.0,5.0,-101,-115,0.0,216.5,-110,215.5,-103,215.5,-108,216.5,-110,216,-115,215.5,-110,215.92,-109.33,216.5,215.5,-103,-115,122,2,W,242
2014-04-20,home,Houston,Portland,1610612745,0041300171,56.4,-210,-217,-200,-220,-230.0,-220,-217.4,-200.0,-230.0,100.0,-5.0,-110,-5.0,-109,-5.0,-107,-5.0,-110,-6.0,-105,-5.0,-110,-5.17,-108.5,-5.0,-6.0,-105,-110,100.0,216.5,-110,215.5,-107,215.5,-102,216.5,-110,216,-105,215.5,-110,215.92,-107.33,216.5,215.5,-102,-110,120,-2,L,242
2014-04-21,away,Memphis,Oklahoma City,1610612763,0041300152,48.6,275,277,290,270,265.0,270,274.4,290.0,265.0,49.3,7.5,-110,7.0,-107,7.0,-109,6.5,-110,7.0,-110,7.0,-115,7.0,-110.17,7.5,6.5,-107,-115,58.5,189.5,-110,190.0,-104,190.0,-103,190.5,-110,191,-110,190.5,-110,190.25,-107.83,191.0,189.5,-103,-110,111,6,W,216
2014-04-21,home,Oklahoma City,Memphis,1610612760,0041300152,51.4,-330,-315,-320,-330,-330.0,-325,-324.0,-315.0,-330.0,50.7,-7.5,-110,-7.0,-103,-7.0,-101,-6.5,-110,-7.0,-110,-7.0,-105,-7.0,-106.5,-6.5,-7.5,-101,-110,41.5,189.5,-110,190.0,-106,190.0,-107,190.5,-110,191,-110,190.5,-110,190.25,-108.83,191.0,189.5,-106,-110,105,-6,L,216
2014-04-21,away,Golden State,L.A. Clippers,1610612744,0041300162,55.5,345,326,335,320,310.0,320,322.2,335.0,310.0,49.1,8.0,-110,8.0,-110,8.0,-108,8.0,-110,7.5,-110,8.0,-115,7.92,-110.5,8.0,7.5,-108,-115,50.0,212.0,-110,212.5,-108,212.5,-108,212.5,-110,213,-115,212.5,-110,212.5,-110.17,213.0,212.0,-108,-115,98,-40,L,236
2014-04-21,home,L.A. Clippers,Golden State,1610612746,0041300162,44.5,-415,-375,-375,-400,-420.0,-380,-390.0,-375.0,-420.0,50.9,-8.0,-110,-8.0,-100,-8.0,-102,-8.0,-110,-7.5,-110,-8.0,-105,-7.92,-106.17,-7.5,-8.0,-100,-110,50.0,212.0,-110,212.5,-102,212.5,-102,212.5,-110,213,-105,212.5,-110,212.5,-106.5,213.0,212.0,-102,-110,138,40,W,236
2014-04-22,away,Atlanta,Indiana,1610612737,0041300102,0.0,280,292,290,295,290.0,290,291.4,295.0,290.0,46.3,7.0,-110,7.5,-110,7.5,-108,7.5,-110,7.5,-110,7.5,-110,7.42,-109.67,7.5,7.0,-108,-110,7.7,187.0,-110,186.5,-101,186.5,-103,186.5,-110,187,-110,186.5,-110,186.67,-107.33,187.0,186.5,-101,-110,85,-16,L,186
2014-04-22,home,Indiana,Atlanta,1610612754,0041300102,100.0,-335,-333,-320,-365,-380.0,-350,-349.6,-320.0,-380.0,53.7,-7.0,-110,-7.5,-100,-7.5,-102,-7.5,-110,-7.5,-110,-7.5,-110,-7.42,-107.0,-7.0,-7.5,-100,-110,92.3,187.0,-110,186.5,-109,186.5,-107,186.5,-110,187,-110,186.5,-110,186.67,-109.33,187.0,186.5,-107,-110,101,16,W,186
2014-04-22,away,Brooklyn,Toronto,1610612751,0041300122,54.6,165,182,185,180,170.0,170,177.4,185.0,170.0,25.0,4.0,-110,5.0,-109,5.0,-108,5.0,-110,5.0,-110,5.0,-110,4.83,-109.5,5.0,4.0,-108,-110,48.3,187.0,-110,190.5,-105,190.5,-108,190.5,-110,191,-115,190.5,-115,190.0,-110.5,191.0,187.0,-105,-115,95,-5,L,195
2014-04-22,home,Toronto,Brooklyn,1610612761,0041300122,45.4,-190,-203,-200,-210,-200.0,-195,-201.6,-195.0,-210.0,75.0,-4.0,-110,-5.0,-101,-5.0,-102,-5.0,-110,-5.0,-110,-5.0,-110,-4.83,-107.17,-4.0,-5.0,-101,-110,51.7,187.0,-110,190.5,-105,190.5,-102,190.5,-110,191,-105,190.5,-105,190.0,-106.17,191.0,187.0,-102,-110,100,5,W,195
2014-04-22,away,Washington,Chicago,1610612764,0041300132,12.5,200,185,190,190,195.0,190,190.0,195.0,185.0,11.8,5.5,-110,5.0,-107,5.0,-106,5.0,-110,5.5,-110,5.5,-120,5.25,-110.5,5.5,5.0,-106,-120,50.0,181.5,-110,180.5,-102,180.5,-102,180.0,-110,181,-115,180.5,-110,180.67,-108.17,181.5,180.0,-102,-115,101,2,W,200
2014-04-22,home,Chicago,Washington,1610612741,0041300132,87.5,-240,-206,-210,-225,-235.0,-220,-219.2,-206.0,-235.0,88.2,-5.5,-110,-5.0,-103,-5.0,-104,-5.0,-110,-5.5,-110,-5.5,-100,-5.25,-106.17,-5.0,-5.5,-100,-110,50.0,181.5,-110,180.5,-113,180.5,-108,180.0,-110,181,-105,180.5,-110,180.67,-109.33,181.5,180.0,-105,-113,99,-2,L,200
2014-04-23,away,Charlotte,Miami,1610612766,0041300112,42.9,545,465,450,465,,450,457.5,465.0,450.0,33.3,10.5,-110,9.5,-102,9.5,-110,9.5,-110,10.5,-115,10.0,-115,9.92,-110.33,10.5,9.5,-102,-115,59.3,185.5,-110,187.5,-102,187.5,-110,187.5,-110,188,-110,187.5,-110,187.25,-108.67,188.0,185.5,-102,-110,97,-4,L,198
2014-04-23,home,Miami,Charlotte,1610612748,0041300112,57.1,-685,-555,-600,-615,,-565,-583.75,-555.0,-615.0,66.7,-10.5,-110,-9.5,-113,-9.5,-110,-9.5,-110,-10.5,-105,-10.0,-105,-9.92,-108.83,-9.5,-10.5,-105,-113,40.7,185.5,-110,187.5,-108,187.5,-110,187.5,-110,188,-110,187.5,-110,187.25,-109.67,188.0,185.5,-108,-110,101,4,W,198
2014-04-23,away,Dallas,San Antonio,1610612742,0041300142,54.2,340,314,315,300,280.0,300,301.8,315.0,280.0,42.6,7.5,-110,7.5,-102,7.5,-104,7.5,-110,7.5,-110,7.5,-110,7.5,-107.67,7.5,7.5,-102,-110,40.0,197.0,-110,201.0,-102,201.0,-105,201.5,-110,202,-105,201.0,-113,200.58,-107.5,202.0,197.0,-102,-113,113,21,W,205
2014-04-23,home,San Antonio,Dallas,1610612759,0041300142,45.8,-410,-360,-345,-380,-360.0,-360,-361.0,-345.0,-380.0,57.4,-7.5,-110,-7.5,-108,-7.5,-106,-7.5,-110,-7.5,-110,-7.5,-110,-7.5,-109.0,-7.5,-7.5,-106,-110,60.0,197.0,-110,201.0,-108,201.0,-105,201.5,-110,202,-115,201.0,-107,200.58,-109.17,202.0,197.0,-105,-115,92,-21,L,205
2014-04-23,away,Portland,Houston,1610612757,0041300172,6.7,195,256,255,240,250.0,245,249.2,256.0,240.0,0.0,5.5,-110,6.5,-103,6.5,-103,6.5,-110,7.0,-115,6.5,-107,6.42,-108.0,7.0,5.5,-103,-115,0.0,214.0,-110,215.0,-105,215.0,-105,215.0,-110,216,-105,215.0,-110,215.0,-107.5,216.0,214.0,-105,-110,112,7,W,217
2014-04-23,home,Houston,Portland,1610612745,0041300172,93.3,-225,-290,-280,-290,-300.0,-290,-290.0,-280.0,-300.0,100.0,-5.5,-110,-6.5,-107,-6.5,-107,-6.5,-110,-7.0,-105,-6.5,-113,-6.42,-108.67,-5.5,-7.0,-105,-113,100.0,214.0,-110,215.0,-105,215.0,-105,215.0,-110,216,-115,215.0,-110,215.0,-109.17,216.0,214.0,-105,-115,105,-7,L,217
2014-04-24,away,Indiana,Atlanta,1610612754,0041300103,49.5,-140,-126,-125,-130,,-130,-127.75,-125.0,-130.0,0.0,-2.0,-110,-2.0,-105,-2.0,-103,-1.5,-110,-3.0,-110,-2.5,-110,-2.17,-108.0,-1.5,-3.0,-103,-110,56.5,186.0,-110,187.5,-103,187.0,-105,187.5,-110,187,-115,187.0,-110,187.0,-108.83,187.5,186.0,-103,-115,85,-13,L,183
2014-04-24,home,Atlanta,Indiana,1610612737,0041300103,50.5,120,114,115,110,,110,112.25,115.0,110.0,100.0,2.0,-110,2.0,-105,2.0,-107,1.5,-110,3.0,-110,2.5,-110,2.17,-108.67,3.0,1.5,-105,-110,43.5,186.0,-110,187.5,-107,187.0,-105,187.5,-110,187,-105,187.0,-110,187.0,-107.83,187.5,186.0,-105,-110,98,13,W,183
2014-04-24,away,Oklahoma City,Memphis,1610612760,0041300153,0.0,-125,-140,-135,-140,,-140,-138.75,-135.0,-140.0,56.2,-1.0,-110,-2.5,-105,-2.5,-103,-2.5,-110,-3.0,-110,-2.0,-115,-2.25,-108.83,-1.0,-3.0,-103,-115,50.0,190.0,-110,190.5,-100,190.5,-102,190.0,-110,191,-105,190.0,-110,190.33,-106.17,191.0,190.0,-100,-110,95,-3,L,193
2014-04-24,home,Memphis,Oklahoma City,1610612763,0041300153,100.0,105,127,125,120,,120,123.0,127.0,120.0,43.8,1.0,-110,2.5,-105,2.5,-107,2.5,-110,3.0,-110,2.0,-105,2.25,-107.83,3.0,1.0,-105,-110,50.0,190.0,-110,190.5,-110,190.5,-108,190.0,-110,191,-115,190.0,-110,190.33,-110.5,191.0,190.0,-108,-115,98,3,W,193
2014-04-24,away,L.A. Clippers,Golden State,1610612746,0041300163,36.8,-120,-152,-145,-140,-150.0,-147,-146.8,-140.0,-152.0,46.3,-1.0,-110,-3.0,-103,-3.0,-101,-3.0,-110,-3.0,-110,-2.5,-115,-2.58,-108.17,-1.0,-3.0,-101,-115,53.3,214.0,-110,212.0,-109,212.0,-107,212.5,-110,213,-105,213.0,-105,212.75,-107.67,214.0,212.0,-105,-110,98,2,W,194
2014-04-24,home,Golden State,L.A. Clippers,1610612744,0041300163,63.2,100,137,135,120,130.0,127,129.8,137.0,120.0,53.7,1.0,-110,3.0,-107,3.0,-109,3.0,-110,3.0,-110,2.5,-105,2.58,-108.5,3.0,1.0,-105,-110,46.7,214.0,-110,212.0,-101,212.0,-103,212.5,-110,213,-115,213.0,-115,212.75,-109.0,214.0,212.0,-101,-115,96,-2,L,194
2014-04-25,away,Toronto,Brooklyn,1610612761,0041300123,0.0,165,188,185,180,170.0,180,180.6,188.0,170.0,44.4,4.5,-110,5.0,-107,4.5,-101,5.0,-110,5.0,-115,5.0,-113,4.83,-109.33,5.0,4.5,-101,-115,50.8,191.0,-110,191.0,-105,191.0,-102,191.0,-110,191,-110,191.0,-110,191.0,-107.83,191.0,191.0,-102,-110,98,-4,L,200
2014-04-25,home,Brooklyn,Toronto,1610612751,0041300123,100.0,-190,-210,-200,-210,-200.0,-210,-206.0,-200.0,-210.0,55.6,-4.5,-110,-5.0,-103,-4.5,-109,-5.0,-110,-5.0,-105,-5.0,-107,-4.83,-107.33,-4.5,-5.0,-103,-110,49.2,191.0,-110,191.0,-105,191.0,-108,191.0,-110,191,-110,191.0,-110,191.0,-108.83,191.0,191.0,-105,-110,102,4,W,200
2014-04-25,away,Chicago,Washington,1610612741,0041300133,58.9,130,123,125,125,130.0,125,125.6,130.0,123.0,0.0,3.0,-110,2.5,-100,2.5,-101,3.0,-110,3.0,-110,2.5,-105,2.75,-106.0,3.0,2.5,-100,-110,0.0,181.5,-110,180.5,-105,180.5,-102,180.5,-110,182,-115,181.0,-110,181.0,-108.67,182.0,180.5,-102,-115,100,3,W,197
2014-04-25,home,Washington,Chicago,1610612764,0041300133,41.1,-150,-136,-135,-145,-150.0,-145,-142.2,-135.0,-150.0,100.0,-3.0,-110,-2.5,-110,-2.5,-109,-3.0,-110,-3.0,-110,-2.5,-115,-2.75,-110.67,-2.5,-3.0,-109,-115,100.0,181.5,-110,180.5,-105,180.5,-108,180.5,-110,182,-105,181.0,-110,181.0,-108.0,182.0,180.5,-105,-110,97,-3,L,197
2014-04-25,away,Houston,Portland,1610612745,0041300173,55.2,130,116,116,125,130.0,115,120.4,130.0,115.0,14.3,2.5,-105,2.0,-102,2.0,-102,2.0,-110,3.0,-110,2.0,-110,2.25,-106.5,3.0,2.0,-102,-110,44.5,216.0,-110,214.5,-102,214.5,-103,214.0,-110,215,-110,214.5,-110,214.75,-107.5,216.0,214.0,-102,-110,121,5,W,237
2014-04-25,home,Portland,Houston,1610612757,0041300173,44.8,-150,-128,-126,-145,-150.0,-135,-136.8,-126.0,-150.0,85.7,-2.5,-115,-2.0,-108,-2.0,-108,-2.0,-110,-3.0,-110,-2.0,-110,-2.25,-110.17,-2.0,-3.0,-108,-115,55.5,216.0,-110,214.5,-108,214.5,-107,214.0,-110,215,-110,214.5,-110,214.75,-109.17,216.0,214.0,-107,-110,116,-5,L,237
2014-04-26,away,Indiana,Atlanta,1610612754,0041300104,61.7,-130,-138,-135,-140,-150.0,-140,-140.6,-135.0,-150.0,50.0,-2.5,-110,-2.5,-100,-2.5,-103,-2.5,-110,-3.0,-110,-2.5,-111,-2.58,-107.33,-2.5,-3.0,-100,-111,52.4,186.5,-110,188.5,-107,188.5,-105,188.0,-110,189,-110,188.5,-110,188.17,-108.67,189.0,186.5,-105,-110,91,3,W,179
2014-04-26,home,Atlanta,Indiana,1610612737,0041300104,38.3,110,125,125,120,130.0,120,124.0,130.0,120.0,50.0,2.5,-110,2.5,-110,2.5,-107,2.5,-110,3.0,-110,2.5,-109,2.58,-109.33,3.0,2.5,-107,-110,47.6,186.5,-110,188.5,-103,188.5,-105,188.0,-110,189,-110,188.5,-110,188.17,-108.0,189.0,186.5,-103,-110,88,-3,L,179
2014-04-26,away,Miami,Charlotte,1610612748,0041300113,57.5,-220,-190,-190,-195,-220.0,-195,-198.0,-190.0,-220.0,49.0,-5.0,-110,-4.5,-102,-4.5,-102,-4.5,-110,-5.0,-110,-4.5,-110,-4.67,-107.33,-4.5,-5.0,-102,-110,49.0,188.0,-110,187.5,-100,187.5,-103,187.0,-110,188,-110,187.5,-115,187.58,-108.0,188.0,187.0,-100,-115,98,13,W,183
2014-04-26,home,Charlotte,Miami,1610612766,0041300113,42.5,190,171,175,170,180.0,170,173.2,180.0,170.0,51.0,5.0,-110,4.5,-108,4.5,-108,4.5,-110,5.0,-110,4.5,-110,4.67,-109.33,5.0,4.5,-108,-110,51.0,188.0,-110,187.5,-110,187.5,-107,187.0,-110,188,-110,187.5,-105,187.58,-108.67,188.0,187.0,-105,-110,85,-13,L,183
2014-04-26,away,San Antonio,Dallas,1610612759,0041300143,56.5,-155,-170,-165,-170,-180.0,-170,-171.0,-165.0,-180.0,59.2,-3.0,-110,-3.5,-108,-3.5,-108,-4.0,-110,-4.0,-110,-3.5,-115,-3.58,-110.17,-3.0,-4.0,-108,-115,60.4,202.5,-110,200.0,-105,200.0,-105,199.5,-110,201,-110,200.0,-110,200.5,-108.33,202.5,199.5,-105,-110,108,-1,L,217
2014-04-26,home,Dallas,San Antonio,1610612742,0041300143,43.5,135,153,155,150,160.0,150,153.6,160.0,150.0,40.8,3.0,-110,3.5,-102,3.5,-102,4.0,-110,4.0,-110,3.5,-105,3.58,-106.5,4.0,3.0,-102,-110,39.6,202.5,-110,200.0,-105,200.0,-105,199.5,-110,201,-110,200.0,-110,200.5,-108.33,202.5,199.5,-105,-110,109,1,W,217
2014-04-26,away,Oklahoma City,Memphis,1610612760,0041300154,63.0,-150,-161,-155,-170,-180.0,-165,-166.2,-155.0,-180.0,58.9,-3.0,-110,-3.0,-108,-3.0,-108,-3.5,-110,-3.5,-115,-3.5,-115,-3.25,-111.0,-3.0,-3.5,-108,-115,0.0,189.0,-110,188.0,-102,188.0,-105,188.0,-110,189,-115,188.0,-110,188.33,-108.67,189.0,188.0,-102,-115,92,3,W,181
2014-04-26,home,Memphis,Oklahoma City,1610612763,0041300154,37.0,130,145,145,150,160.0,145,149.0,160.0,145.0,41.1,3.0,-110,3.0,-102,3.0,-102,3.5,-110,3.5,-105,3.5,-105,3.25,-105.67,3.5,3.0,-102,-110,100.0,189.0,-110,188.0,-108,188.0,-105,188.0,-110,189,-105,188.0,-110,188.33,-108.0,189.0,188.0,-105,-110,89,-3,L,181
2014-04-27,away,Toronto,Brooklyn,1610612761,0041300124,45.2,165,150,160,150,150.0,150,152.0,160.0,150.0,51.1,4.0,-110,4.0,-105,4.0,-108,3.5,-110,4.0,-110,4.0,-110,3.92,-108.83,4.0,3.5,-105,-110,41.2,192.0,-110,193.0,-103,193.0,-102,193.0,-110,194,-105,193.0,-110,193.0,-106.67,194.0,192.0,-102,-110,87,8,W,166
2014-04-27,home,Brooklyn,Toronto,1610612751,0041300124,54.8,-190,-166,-170,-170,-170.0,-170,-169.2,-166.0,-170.0,48.9,-4.0,-110,-4.0,-105,-4.0,-102,-3.5,-110,-4.0,-110,-4.0,-110,-3.92,-107.83,-3.5,-4.0,-102,-110,58.8,192.0,-110,193.0,-107,193.0,-108,193.0,-110,194,-115,193.0,-110,193.0,-110.0,194.0,192.0,-107,-115,79,-8,L,166
2014-04-27,away,Chicago,Washington,1610612741,0041300134,50.0,120,118,118,110,,105,112.75,118.0,105.0,48.0,2.5,-110,2.0,-103,2.0,-105,2.0,-110,2.0,-110,2.0,-110,2.08,-108.0,2.5,2.0,-103,-110,0.0,182.0,-110,183.5,-100,183.5,-105,183.0,-110,184,-115,183.5,-110,183.25,-108.33,184.0,182.0,-100,-115,89,-9,L,187
2014-04-27,home,Washington,Chicago,1610612764,0041300134,50.0,-140,-130,-128,-130,,-125,-128.25,-125.0,-130.0,52.0,-2.5,-110,-2.0,-107,-2.0,-105,-2.0,-110,-2.0,-110,-2.0,-110,-2.08,-108.67,-2.0,-2.5,-105,-110,100.0,182.0,-110,183.5,-110,183.5,-105,183.0,-110,184,-105,183.5,-110,183.25,-108.33,184.0,182.0,-105,-110,98,9,W,187
2014-04-27,away,L.A. Clippers,Golden State,1610612746,0041300164,0.0,-140,-120,-125,-125,,-124,-123.5,-120.0,-125.0,5.8,-2.5,-110,-2.0,-103,-2.0,-103,-2.0,-110,-1.5,-105,-2.0,-110,-2.0,-106.83,-1.5,-2.5,-103,-110,58.7,209.5,-110,209.5,-108,209.5,-109,209.5,-110,210,-115,210.0,-110,209.67,-110.33,210.0,209.5,-108,-115,97,-21,L,215
2014-04-27,home,Golden State,L.A. Clippers,1610612744,0041300164,100.0,120,109,115,105,,104,108.25,115.0,104.0,94.2,2.5,-110,2.0,-107,2.0,-107,2.0,-110,1.5,-115,2.0,-110,2.0,-109.83,2.5,1.5,-107,-115,41.3,209.5,-110,209.5,-102,209.5,-101,209.5,-110,210,-105,210.0,-110,209.67,-106.33,210.0,209.5,-101,-110,118,21,W,215
2014-04-27,away,Houston,Portland,1610612745,0041300174,6.8,115,165,160,155,150.0,155,157.0,165.0,150.0,48.2,2.0,-110,4.0,-101,4.0,-107,4.0,-110,3.5,-105,4.0,-110,3.58,-107.17,4.0,2.0,-101,-110,49.0,215.5,-110,214.0,-104,214.0,-105,215.0,-110,215,-115,214.5,-110,214.67,-109.0,215.5,214.0,-104,-115,120,-3,L,243
2014-04-27,home,Portland,Houston,1610612757,0041300174,93.2,-135,-183,-170,-175,-170.0,-175,-174.6,-170.0,-183.0,51.8,-2.0,-110,-4.0,-109,-4.0,-103,-4.0,-110,-3.5,-115,-4.0,-110,-3.58,-109.5,-2.0,-4.0,-103,-115,51.0,215.5,-110,214.0,-106,214.0,-105,215.0,-110,215,-105,214.5,-110,214.67,-107.67,215.5,214.0,-105,-110,123,3,W,243
2014-04-28,away,Atlanta,Indiana,1610612737,0041300105,0.0,265,277,285,265,260.0,270,271.4,285.0,260.0,56.8,7.0,-110,7.0,-107,7.0,-105,7.0,-110,6.5,-105,6.5,-105,6.83,-107.0,7.0,6.5,-105,-110,33.3,186.5,-110,186.0,-100,186.5,-103,186.5,-110,187,-105,186.0,-110,186.42,-106.33,187.0,186.0,-100,-110,107,10,W,204
2014-04-28,home,Indiana,Atlanta,1610612754,0041300105,100.0,-315,-315,-315,-325,-320.0,-325,-320.0,-315.0,-325.0,43.2,-7.0,-110,-7.0,-103,-7.0,-105,-7.0,-110,-6.5,-115,-6.5,-115,-6.83,-109.67,-6.5,-7.0,-103,-115,66.7,186.5,-110,186.0,-110,186.5,-107,186.5,-110,187,-115,186.0,-110,186.42,-110.33,187.0,186.0,-107,-115,97,-10,L,204
2014-04-28,away,Miami,Charlotte,1610612748,0041300114,58.0,-300,-350,-365,-400,-420.0,-365,-380.0,-350.0,-420.0,54.8,-6.5,-115,-7.5,-105,-7.5,-109,-7.5,-110,-8.5,-105,-8.0,-104,-7.58,-108.0,-6.5,-8.5,-104,-115,0.0,187.0,-110,187.5,-108,187.5,-105,187.5,-110,188,-110,188.0,-110,187.58,-108.83,188.0,187.0,-105,-110,109,11,W,207
2014-04-28,home,Charlotte,Miami,1610612766,0041300114,42.0,250,305,328,320,310.0,305,313.6,328.0,305.0,45.2,6.5,-105,7.5,-105,7.5,-101,7.5,-110,8.5,-115,8.0,-116,7.58,-108.67,8.5,6.5,-101,-116,100.0,187.0,-110,187.5,-102,187.5,-105,187.5,-110,188,-110,188.0,-110,187.58,-107.83,188.0,187.0,-102,-110,98,-11,L,207
2014-04-28,away,San Antonio,Dallas,1610612759,0041300144,53.2,-175,-189,-200,-205,-220.0,-190,-200.8,-189.0,-220.0,54.4,-4.0,-110,-4.5,-102,-4.5,-107,-4.5,-110,-4.5,-110,-4.0,-110,-4.33,-108.17,-4.0,-4.5,-102,-110,60.7,204.0,-110,200.0,-102,200.0,-105,200.5,-110,201,-115,200.5,-110,201.0,-108.67,204.0,200.0,-102,-115,93,4,W,182
2014-04-28,home,Dallas,San Antonio,1610612742,0041300144,46.8,155,170,185,175,180.0,165,175.0,185.0,165.0,45.6,4.0,-110,4.5,-113,4.5,-103,4.5,-110,4.5,-110,4.0,-110,4.33,-109.33,4.5,4.0,-103,-113,39.3,204.0,-110,200.0,-113,200.0,-105,200.5,-110,201,-105,200.5,-110,201.0,-108.83,204.0,200.0,-105,-113,89,-4,L,182
2014-04-29,away,Washington,Chicago,1610612764,0041300135,63.7,165,156,155,150,140.0,147,149.6,156.0,140.0,54.4,4.5,-110,3.5,-102,3.5,-105,4.0,-110,3.5,-110,3.5,-107,3.75,-107.33,4.5,3.5,-102,-110,43.5,184.0,-110,182.5,-105,183.5,-101,183.0,-110,184,-115,183.5,-110,183.42,-108.5,184.0,182.5,-101,-115,75,6,W,144
2014-04-29,home,Chicago,Washington,1610612741,0041300135,36.3,-190,-173,-165,-170,-160.0,-167,-167.0,-160.0,-173.0,45.6,-4.5,-110,-3.5,-108,-3.5,-105,-4.0,-110,-3.5,-110,-3.5,-113,-3.75,-109.33,-3.5,-4.5,-105,-113,56.5,184.0,-110,182.5,-105,183.5,-109,183.0,-110,184,-105,183.5,-110,183.42,-108.17,184.0,182.5,-105,-110,69,-6,L,144
2014-04-29,away,Memphis,Oklahoma City,1610612763,0041300155,47.1,230,301,305,290,275.0,290,292.2,305.0,275.0,9.1,6.0,-110,7.5,-105,7.5,-109,7.0,-110,7.0,-105,7.5,-107,7.08,-107.67,7.5,6.0,-105,-110,50.0,187.0,-110,185.5,-100,186.0,-107,186.0,-110,187,-110,186.0,-110,186.25,-107.83,187.0,185.5,-100,-110,100,1,W,199
2014-04-29,home,Oklahoma City,Memphis,1610612760,0041300155,52.9,-275,-345,-335,-360,-350.0,-350,-348.0,-335.0,-360.0,90.9,-6.0,-110,-7.5,-105,-7.5,-101,-7.0,-110,-7.0,-115,-7.5,-113,-7.08,-109.0,-6.0,-7.5,-101,-115,50.0,187.0,-110,185.5,-110,186.0,-103,186.0,-110,187,-110,186.0,-110,186.25,-108.83,187.0,185.5,-103,-110,99,-1,L,199
2014-04-29,away,Golden State,L.A. Clippers,1610612744,0041300165,60.3,245,273,280,260,250.0,260,264.6,280.0,250.0,49.9,6.5,-110,7.0,-107,7.0,-107,7.0,-110,7.0,-115,7.0,-110,6.92,-109.83,7.0,6.5,-107,-115,50.0,211.0,-110,208.0,-108,208.5,-105,209.0,-110,210,-110,208.5,-110,209.17,-108.83,211.0,208.0,-105,-110,103,-10,L,216
2014-04-29,home,L.A. Clippers,Golden State,1610612746,0041300165,39.7,-290,-310,-310,-320,-300.0,-310,-310.0,-300.0,-320.0,50.1,-6.5,-110,-7.0,-103,-7.0,-103,-7.0,-110,-7.0,-105,-7.0,-110,-6.92,-106.83,-6.5,-7.0,-103,-110,50.0,211.0,-110,208.0,-102,208.5,-105,209.0,-110,210,-110,208.5,-110,209.17,-107.83,211.0,208.0,-102,-110,113,10,W,216
2014-04-30,away,Brooklyn,Toronto,1610612751,0041300125,59.5,140,129,130,130,130.0,127,129.2,130.0,127.0,53.4,3.0,-105,3.0,-109,3.0,-110,2.5,-110,3.0,-110,3.0,-112,2.92,-109.33,3.0,2.5,-105,-112,45.3,190.5,-110,189.0,-104,189.0,-110,189.0,-110,189,-110,189.0,-110,189.25,-109.0,190.5,189.0,-104,-110,113,-2,L,228
2014-04-30,home,Toronto,Brooklyn,1610612761,0041300125,40.5,-160,-143,-150,-150,-150.0,-147,-148.0,-143.0,-150.0,46.6,-3.0,-115,-3.0,-101,-3.0,-110,-2.5,-110,-3.0,-110,-3.0,-108,-2.92,-109.0,-2.5,-3.0,-101,-115,54.7,190.5,-110,189.0,-106,189.0,-110,189.0,-110,189,-110,189.0,-110,189.25,-109.33,190.5,189.0,-106,-110,115,2,W,228
2014-04-30,away,Dallas,San Antonio,1610612742,0041300145,43.5,230,252,255,245,245.0,245,248.4,255.0,245.0,59.0,6.0,-110,6.5,-107,6.5,-107,6.5,-110,6.0,-105,6.5,-113,6.33,-108.67,6.5,6.0,-105,-113,57.5,198.0,-110,196.5,-105,197.0,-101,197.0,-110,198,-105,197.0,-110,197.25,-106.83,198.0,196.5,-101,-110,103,-6,L,212
2014-04-30,home,San Antonio,Dallas,1610612759,0041300145,56.5,-275,-285,-280,-305,-290.0,-290,-290.0,-280.0,-305.0,41.0,-6.0,-110,-6.5,-103,-6.5,-103,-6.5,-110,-6.0,-115,-6.5,-107,-6.33,-108.0,-6.0,-6.5,-103,-115,42.5,198.0,-110,196.5,-105,197.0,-109,197.0,-110,198,-115,197.0,-110,197.25,-109.83,198.0,196.5,-105,-115,109,6,W,212
2014-04-30,away,Portland,Houston,1610612757,0041300175,62.3,205,180,175,175,170.0,185,177.0,185.0,170.0,58.1,5.5,-110,4.5,-105,4.5,-110,4.5,-110,4.5,-115,4.5,-110,4.67,-110.0,5.5,4.5,-105,-115,50.0,214.0,-110,214.5,-105,214.5,-110,215.0,-110,215,-115,214.5,-110,214.58,-110.0,215.0,214.0,-105,-115,98,-10,L,206
2014-04-30,home,Houston,Portland,1610612745,0041300175,37.7,-245,-200,-210,-205,-200.0,-215,-206.0,-200.0,-215.0,41.9,-5.5,-110,-4.5,-105,-4.5,-110,-4.5,-110,-4.5,-105,-4.5,-110,-4.67,-108.33,-4.5,-5.5,-105,-110,50.0,214.0,-110,214.5,-105,214.5,-110,215.0,-110,215,-105,214.5,-110,214.58,-108.33,215.0,214.0,-105,-110,108,10,W,206
2014-05-01,away,Indiana,Atlanta,1610612754,0041300106,0.0,-130,113,117,110,,105,111.25,117.0,105.0,0.0,-2.0,-110,2.0,-105,2.0,-105,2.0,-110,1.5,-115,2.0,-110,1.25,-109.17,2.0,-2.0,-105,-115,48.6,187.5,-110,188.0,-103,188.0,-103,188.0,-110,188,-115,188.0,-110,187.92,-108.5,188.0,187.5,-103,-115,95,7,W,183
2014-05-01,home,Atlanta,Indiana,1610612737,0041300106,100.0,110,-125,-127,-130,,-125,-126.75,-125.0,-130.0,100.0,2.0,-110,-2.0,-105,-2.0,-105,-2.0,-110,-1.5,-105,-2.0,-110,-1.25,-107.5,2.0,-2.0,-105,-110,51.4,187.5,-110,188.0,-107,188.0,-107,188.0,-110,188,-105,188.0,-110,187.92,-108.17,188.0,187.5,-105,-110,88,-7,L,183
2014-05-01,away,Oklahoma City,Memphis,1610612760,0041300156,33.3,-149,-138,-140,-145,,-140,-140.75,-138.0,-145.0,7.1,-2.5,-110,-2.5,-104,-2.5,-104,-2.0,-110,-3.0,-105,-2.5,-110,-2.5,-107.17,-2.0,-3.0,-104,-110,50.0,185.0,-110,185.0,-103,185.0,-103,184.5,-110,186,-110,185.0,-110,185.08,-107.67,186.0,184.5,-103,-110,104,20,W,188
2014-05-01,home,Memphis,Oklahoma City,1610612763,0041300156,66.7,129,125,130,125,,120,125.0,130.0,120.0,92.9,2.5,-110,2.5,-106,2.5,-106,2.0,-110,3.0,-115,2.5,-110,2.5,-109.5,3.0,2.0,-106,-115,50.0,185.0,-110,185.0,-107,185.0,-107,184.5,-110,186,-110,185.0,-110,185.08,-109.0,186.0,184.5,-107,-110,84,-20,L,188
2014-05-01,away,L.A. Clippers,Golden State,1610612746,0041300166,33.2,-120,-106,-105,-110,,-115,-109.0,-105.0,-115.0,39.3,-1.5,-105,-1.0,-102,-1.0,-100,1.0,-110,1.0,-110,1.0,-110,-0.08,-106.17,1.0,-1.5,-100,-110,50.2,210.0,-110,210.5,-100,210.5,-105,211.0,-110,211,-115,210.5,-115,210.58,-109.17,211.0,210.0,-100,-115,99,-1,L,199
2014-05-01,home,Golden State,L.A. Clippers,1610612744,0041300166,66.8,100,-104,-105,-110,,-105,-106.0,-104.0,-110.0,60.7,1.5,-115,1.0,-108,1.0,-110,-1.0,-110,-1.0,-110,-1.0,-110,0.08,-110.5,1.5,-1.0,-108,-115,49.8,210.0,-110,210.5,-110,210.5,-105,211.0,-110,211,-105,210.5,-105,210.58,-107.5,211.0,210.0,-105,-110,100,1,W,199
2014-05-02,away,Toronto,Brooklyn,1610612761,0041300126,44.3,180,184,180,180,170.0,185,179.8,185.0,170.0,53.7,5.0,-110,4.5,-100,4.5,-102,4.5,-110,4.5,-115,5.0,-110,4.67,-107.83,5.0,4.5,-100,-115,45.2,191.0,-110,192.5,-108,192.5,-107,192.5,-110,193,-105,192.5,-112,192.33,-108.67,193.0,191.0,-105,-112,83,-14,L,180
2014-05-02,home,Brooklyn,Toronto,1610612751,0041300126,55.7,-210,-205,-195,-210,-200.0,-215,-205.0,-195.0,-215.0,46.3,-5.0,-110,-4.5,-110,-4.5,-108,-4.5,-110,-4.5,-105,-5.0,-110,-4.67,-108.83,-4.5,-5.0,-105,-110,54.8,191.0,-110,192.5,-102,192.5,-103,192.5,-110,193,-115,192.5,-108,192.33,-108.0,193.0,191.0,-102,-115,97,14,W,180
2014-05-02,away,San Antonio,Dallas,1610612759,0041300146,53.2,-155,-149,-150,-155,-160.0,-150,-152.8,-149.0,-160.0,46.0,-3.0,-110,-3.0,-105,-3.0,-102,-2.5,-110,-3.5,-105,-3.0,-117,-3.0,-108.17,-2.5,-3.5,-102,-117,56.5,198.5,-110,197.0,-106,197.0,-108,197.0,-110,198,-110,197.0,-110,197.42,-109.0,198.5,197.0,-106,-110,111,-2,L,224
2014-05-02,home,Dallas,San Antonio,1610612742,0041300146,46.8,135,135,140,135,140.0,130,136.0,140.0,130.0,54.0,3.0,-110,3.0,-105,3.0,-108,2.5,-110,3.5,-115,3.0,-103,3.0,-108.5,3.5,2.5,-103,-115,43.5,198.5,-110,197.0,-104,197.0,-102,197.0,-110,198,-110,197.0,-110,197.42,-107.67,198.5,197.0,-102,-110,113,2,W,224
2014-05-02,away,Houston,Portland,1610612745,0041300176,52.1,155,166,165,165,160.0,158,162.8,166.0,158.0,52.8,3.5,-110,4.0,-103,4.0,-101,4.0,-110,4.0,-115,4.0,-110,3.92,-108.17,4.0,3.5,-101,-115,59.2,213.0,-110,212.0,-100,212.0,-103,212.0,-110,213,-110,212.0,-110,212.33,-107.17,213.0,212.0,-100,-110,98,-1,L,197
2014-05-02,home,Portland,Houston,1610612757,0041300176,47.9,-175,-185,-175,-190,-180.0,-178,-181.6,-175.0,-190.0,47.2,-3.5,-110,-4.0,-107,-4.0,-109,-4.0,-110,-4.0,-105,-4.0,-110,-3.92,-108.5,-3.5,-4.0,-105,-110,40.8,213.0,-110,212.0,-110,212.0,-107,212.0,-110,213,-110,212.0,-110,212.33,-109.5,213.0,212.0,-107,-110,99,1,W,197
2014-05-03,away,Atlanta,Indiana,1610612737,0041300107,52.5,210,231,230,230,225.0,220,227.2,231.0,220.0,58.1,6.0,-110,6.0,-101,6.5,-107,6.0,-110,6.0,-115,6.0,-106,6.08,-108.17,6.5,6.0,-101,-115,0.0,186.0,-110,184.5,-102,184.0,-105,184.5,-110,185,-110,184.5,-110,184.75,-107.83,186.0,184.0,-102,-110,80,-12,L,172
2014-05-03,home,Indiana,Atlanta,1610612754,0041300107,47.5,-250,-260,-250,-280,-265.0,-260,-263.0,-250.0,-280.0,41.9,-6.0,-110,-6.0,-109,-6.5,-103,-6.0,-110,-6.0,-105,-6.0,-114,-6.08,-108.5,-6.0,-6.5,-103,-114,100.0,186.0,-110,184.5,-113,184.0,-105,184.5,-110,185,-110,184.5,-110,184.75,-109.67,186.0,184.0,-105,-113,92,12,W,172
2014-05-03,away,Memphis,Oklahoma City,1610612763,0041300157,4.4,435,480,480,455,400.0,465,456.0,480.0,400.0,33.2,9.0,-110,9.5,-105,9.5,-108,9.5,-110,9.5,-110,9.5,-107,9.42,-108.33,9.5,9.0,-105,-110,33.3,184.5,-110,185.5,-100,185.5,-107,185.0,-110,186,-115,185.5,-110,185.33,-108.67,186.0,184.5,-100,-115,109,-11,L,229
2014-05-03,home,Oklahoma City,Memphis,1610612760,0041300157,95.6,-540,-575,-570,-605,-600.0,-580,-586.0,-570.0,-605.0,66.8,-9.0,-110,-9.5,-105,-9.5,-102,-9.5,-110,-9.5,-110,-9.5,-113,-9.42,-108.33,-9.0,-9.5,-102,-113,66.7,184.5,-110,185.5,-110,185.5,-103,185.0,-110,186,-105,185.5,-110,185.33,-108.0,186.0,184.5,-103,-110,120,11,W,229
2014-05-03,away,Golden State,L.A. Clippers,1610612744,0041300167,62.6,285,273,280,270,250.0,270,268.6,280.0,250.0,60.9,7.0,-110,7.0,-105,7.5,-110,7.0,-110,6.5,-115,7.0,-110,7.0,-110.0,7.5,6.5,-105,-115,40.0,208.0,-110,207.5,-100,207.5,-110,207.5,-110,208,-115,207.5,-110,207.67,-109.17,208.0,207.5,-100,-115,121,-5,L,247
2014-05-03,home,L.A. Clippers,Golden State,1610612746,0041300167,37.4,-340,-310,-340,-340,-300.0,-325,-323.0,-300.0,-340.0,39.1,-7.0,-110,-7.0,-105,-7.5,-110,-7.0,-110,-6.5,-105,-7.0,-110,-7.0,-108.33,-6.5,-7.5,-105,-110,60.0,208.0,-110,207.5,-110,207.5,-110,207.5,-110,208,-105,207.5,-110,207.67,-109.17,208.0,207.5,-105,-110,126,5,W,247
2014-05-04,away,Brooklyn,Toronto,1610612751,0041300127,59.1,133,133,130,120,110.0,123,123.2,133.0,110.0,61.9,3.0,-110,3.0,-107,3.0,-108,3.0,-110,2.5,-110,3.0,-110,2.92,-109.17,3.0,2.5,-107,-110,0.0,188.5,-110,189.0,-107,189.0,-105,189.0,-110,190,-105,189.0,-110,189.08,-107.83,190.0,188.5,-105,-110,104,1,W,207
2014-05-04,home,Toronto,Brooklyn,1610612761,0041300127,40.9,-153,-147,-140,-140,-130.0,-143,-140.0,-130.0,-147.0,38.1,-3.0,-110,-3.0,-103,-3.0,-102,-3.0,-110,-2.5,-110,-3.0,-110,-2.92,-107.5,-2.5,-3.0,-102,-110,100.0,188.5,-110,189.0,-103,189.0,-105,189.0,-110,190,-115,189.0,-110,189.08,-108.83,190.0,188.5,-103,-115,103,-1,L,207
2014-05-04,away,Dallas,San Antonio,1610612742,0041300147,45.2,245,281,280,275,255.0,270,272.2,281.0,255.0,55.3,6.5,-110,7.0,-102,7.0,-105,7.0,-110,6.5,-115,7.0,-113,6.83,-109.17,7.0,6.5,-102,-115,0.0,198.5,-110,197.5,-103,198.0,-103,198.5,-110,199,-115,198.0,-110,198.25,-108.5,199.0,197.5,-103,-115,96,-23,L,215
2014-05-04,home,San Antonio,Dallas,1610612759,0041300147,54.8,-290,-320,-310,-335,-310.0,-325,-320.0,-310.0,-335.0,44.7,-6.5,-110,-7.0,-108,-7.0,-105,-7.0,-110,-6.5,-105,-7.0,-107,-6.83,-107.5,-6.5,-7.0,-105,-110,100.0,198.5,-110,197.5,-107,198.0,-107,198.5,-110,199,-105,198.0,-110,198.25,-108.17,199.0,197.5,-105,-110,119,23,W,215
2014-05-05,away,Washington,Indiana,1610612764,0041300201,49.0,150,157,157,155,155.0,153,155.4,157.0,153.0,52.4,4.0,-110,4.0,-105,4.0,-103,4.0,-110,4.0,-105,4.0,-110,4.0,-107.17,4.0,4.0,-103,-110,55.7,183.5,-110,183.5,-102,183.5,-101,183.0,-110,184,-115,184.0,-110,183.58,-108.0,184.0,183.0,-101,-115,102,6,W,198
2014-05-05,home,Indiana,Washington,1610612754,0041300201,51.0,-170,-174,-167,-175,-175.0,-173,-172.8,-167.0,-175.0,47.6,-4.0,-110,-4.0,-105,-4.0,-107,-4.0,-110,-4.0,-115,-4.0,-110,-4.0,-109.5,-4.0,-4.0,-105,-115,44.3,183.5,-110,183.5,-108,183.5,-109,183.0,-110,184,-105,184.0,-110,183.58,-108.67,184.0,183.0,-105,-110,96,-6,L,198
2014-05-05,away,L.A. Clippers,Oklahoma City,1610612746,0041300231,48.5,200,205,205,195,190.0,195,198.0,205.0,190.0,49.4,5.5,-110,5.5,-108,5.5,-108,5.5,-110,5.5,-110,5.5,-110,5.5,-109.33,5.5,5.5,-108,-110,62.0,211.5,-110,213.5,-103,213.5,-105,213.0,-110,214,-115,213.5,-110,213.17,-108.83,214.0,211.5,-103,-115,122,17,W,227
2014-05-05,home,Oklahoma City,L.A. Clippers,1610612760,0041300231,51.5,-240,-230,-225,-230,-230.0,-225,-228.0,-225.0,-230.0,50.6,-5.5,-110,-5.5,-102,-5.5,-102,-5.5,-110,-5.5,-110,-5.5,-110,-5.5,-107.33,-5.5,-5.5,-102,-110,38.0,211.5,-110,213.5,-107,213.5,-105,213.0,-110,214,-105,213.5,-110,213.17,-107.83,214.0,211.5,-105,-110,105,-17,L,227
2014-05-06,away,Brooklyn,Miami,1610612751,0041300211,45.3,260,318,335,315,320.0,320,321.6,335.0,315.0,53.1,7.0,-110,8.0,-105,8.0,-107,8.0,-110,8.0,-115,8.0,-112,7.83,-109.83,8.0,7.0,-105,-115,0.0,193.5,-110,192.5,-102,192.0,-107,192.0,-110,193,-110,192.5,-105,192.58,-107.33,193.5,192.0,-102,-110,86,-21,L,193
2014-05-06,home,Miami,Brooklyn,1610612748,0041300211,54.7,-310,-365,-375,-395,-440.0,-380,-391.0,-365.0,-440.0,46.9,-7.0,-110,-8.0,-105,-8.0,-103,-8.0,-110,-8.0,-105,-8.0,-108,-7.83,-106.83,-7.0,-8.0,-103,-110,100.0,193.5,-110,192.5,-113,192.0,-103,192.0,-110,193,-110,192.5,-115,192.58,-110.17,193.5,192.0,-103,-115,107,21,W,193
2014-05-06,away,Portland,San Antonio,1610612757,0041300221,60.5,250,239,260,250,240.0,250,247.8,260.0,239.0,60.4,6.5,-110,6.5,-108,6.5,-105,6.0,-110,6.0,-110,6.5,-110,6.33,-108.83,6.5,6.0,-105,-110,67.7,204.5,-110,206.5,-100,206.5,-108,207.0,-110,209,-105,207.0,-110,206.75,-107.17,209.0,204.5,-100,-110,92,-24,L,208
2014-05-06,home,San Antonio,Portland,1610612759,0041300221,39.5,-300,-270,-290,-310,-280.0,-300,-290.0,-270.0,-310.0,39.6,-6.5,-110,-6.5,-102,-6.5,-105,-6.0,-110,-6.0,-110,-6.5,-110,-6.33,-107.83,-6.0,-6.5,-102,-110,32.3,204.5,-110,206.5,-110,206.5,-102,207.0,-110,209,-115,207.0,-110,206.75,-109.5,209.0,204.5,-102,-115,116,24,W,208
2014-05-07,away,Washington,Indiana,1610612764,0041300202,50.5,155,173,175,175,165.0,170,171.6,175.0,165.0,0.0,4.0,-110,5.0,-103,5.0,-108,5.0,-110,4.5,-115,4.5,-105,4.67,-108.5,5.0,4.0,-103,-115,51.3,184.5,-110,187.0,-105,187.0,-103,186.5,-110,188,-105,187.0,-110,186.67,-107.17,188.0,184.5,-103,-110,82,-4,L,168
2014-05-07,home,Indiana,Washington,1610612754,0041300202,49.5,-175,-193,-190,-200,-190.0,-195,-193.6,-190.0,-200.0,100.0,-4.0,-110,-5.0,-107,-5.0,-102,-5.0,-110,-4.5,-105,-4.5,-115,-4.67,-108.17,-4.0,-5.0,-102,-115,48.7,184.5,-110,187.0,-105,187.0,-107,186.5,-110,188,-115,187.0,-110,186.67,-109.5,188.0,184.5,-105,-115,86,4,W,168
2014-05-07,away,L.A. Clippers,Oklahoma City,1610612746,0041300232,44.9,200,193,195,190,200.0,195,194.6,200.0,190.0,42.5,5.5,-110,5.0,-105,5.0,-102,5.0,-110,5.5,-105,5.5,-110,5.25,-107.0,5.5,5.0,-102,-110,0.0,213.0,-110,215.0,-106,215.0,-105,215.0,-110,216,-105,215.0,-110,214.83,-107.67,216.0,213.0,-105,-110,101,-11,L,213
2014-05-07,home,Oklahoma City,L.A. Clippers,1610612760,0041300232,55.1,-240,-215,-215,-225,-240.0,-225,-224.0,-215.0,-240.0,57.5,-5.5,-110,-5.0,-105,-5.0,-108,-5.0,-110,-5.5,-115,-5.5,-110,-5.25,-109.67,-5.0,-5.5,-105,-115,100.0,213.0,-110,215.0,-104,215.0,-105,215.0,-110,216,-115,215.0,-110,214.83,-109.0,216.0,213.0,-104,-115,112,11,W,213
2014-05-08,away,Brooklyn,Miami,1610612751,0041300212,50.6,330,264,260,260,275.0,255,262.8,275.0,255.0,54.8,8.0,-110,6.5,-105,6.5,-103,6.5,-110,7.0,-110,6.5,-110,6.83,-108.0,8.0,6.5,-103,-110,46.6,192.0,-110,192.0,-107,191.5,-107,191.5,-110,192,-105,192.0,-110,191.83,-108.17,192.0,191.5,-105,-110,82,-12,L,176
2014-05-08,home,Miami,Brooklyn,1610612748,0041300212,49.4,-400,-300,-290,-320,-350.0,-305,-313.0,-290.0,-350.0,45.2,-8.0,-110,-6.5,-105,-6.5,-107,-6.5,-110,-7.0,-110,-6.5,-110,-6.83,-108.67,-6.5,-8.0,-105,-110,53.4,192.0,-110,192.0,-103,191.5,-103,191.5,-110,192,-115,192.0,-110,191.83,-108.5,192.0,191.5,-103,-115,94,12,W,176
2014-05-08,away,Portland,San Antonio,1610612757,0041300222,55.6,240,239,248,240,230.0,235,238.4,248.0,230.0,52.7,6.5,-110,6.5,-110,6.5,-105,6.5,-110,6.5,-110,6.5,-110,6.5,-109.17,6.5,6.5,-105,-110,64.6,207.0,-110,207.5,-100,207.5,-105,208.5,-110,209,-115,208.0,-110,207.92,-108.33,209.0,207.0,-100,-115,97,-17,L,211
2014-05-08,home,San Antonio,Portland,1610612759,0041300222,44.4,-285,-270,-270,-290,-270.0,-280,-276.0,-270.0,-290.0,47.3,-6.5,-110,-6.5,-100,-6.5,-105,-6.5,-110,-6.5,-110,-6.5,-110,-6.5,-107.5,-6.5,-6.5,-100,-110,35.4,207.0,-110,207.5,-110,207.5,-105,208.5,-110,209,-105,208.0,-110,207.92,-108.33,209.0,207.0,-105,-110,114,17,W,211
2014-05-09,away,Indiana,Washington,1610612754,0041300203,48.1,145,185,185,190,170.0,180,182.0,190.0,170.0,0.0,3.0,-110,5.0,-105,5.0,-104,5.0,-110,5.0,-115,5.0,-110,4.67,-109.0,5.0,3.0,-104,-115,64.2,183.0,-110,183.5,-100,183.5,-105,184.0,-110,184,-115,183.5,-105,183.58,-107.5,184.0,183.0,-100,-115,85,22,W,148
2014-05-09,home,Washington,Indiana,1610612764,0041300203,51.9,-165,-206,-200,-220,-200.0,-210,-207.2,-200.0,-220.0,100.0,-3.0,-110,-5.0,-105,-5.0,-106,-5.0,-110,-5.0,-105,-5.0,-110,-4.67,-107.67,-3.0,-5.0,-105,-110,35.8,183.0,-110,183.5,-110,183.5,-105,184.0,-110,184,-105,183.5,-115,183.58,-109.17,184.0,183.0,-105,-115,63,-22,L,148
2014-05-09,away,Oklahoma City,L.A. Clippers,1610612760,0041300233,57.1,145,166,168,165,150.0,175,164.8,175.0,150.0,0.0,3.0,-110,4.5,-107,4.5,-105,4.5,-110,4.0,-110,4.5,-110,4.17,-108.67,4.5,3.0,-105,-110,62.6,213.0,-110,214.0,-105,214.0,-109,214.5,-110,215,-110,214.0,-110,214.08,-109.0,215.0,213.0,-105,-110,118,6,W,230
2014-05-09,home,L.A. Clippers,Oklahoma City,1610612746,0041300233,42.9,-165,-185,-180,-190,-170.0,-205,-186.0,-170.0,-205.0,100.0,-3.0,-110,-4.5,-103,-4.5,-105,-4.5,-110,-4.0,-110,-4.5,-110,-4.17,-108.0,-3.0,-4.5,-103,-110,37.4,213.0,-110,214.0,-105,214.0,-101,214.5,-110,215,-110,214.0,-110,214.08,-107.67,215.0,213.0,-101,-110,112,-6,L,230
2014-05-10,away,Miami,Brooklyn,1610612748,0041300213,56.1,-125,-110,-112,-115,,-117,-113.5,-110.0,-117.0,57.2,-1.5,-110,-1.0,-103,-1.0,-105,-1.0,-110,-2.5,-105,-1.0,-110,-1.33,-107.17,-1.0,-2.5,-103,-110,53.2,189.0,-110,188.0,-100,188.0,-105,187.0,-110,188,-115,188.0,-110,188.0,-108.33,189.0,187.0,-100,-115,90,-14,L,194
2014-05-10,home,Brooklyn,Miami,1610612751,0041300213,43.9,105,100,102,-105,,-103,-1.5,102.0,-105.0,42.8,1.5,-110,1.0,-107,1.0,-105,1.0,-110,2.5,-115,1.0,-110,1.33,-109.5,2.5,1.0,-105,-115,46.8,189.0,-110,188.0,-110,188.0,-105,187.0,-110,188,-105,188.0,-110,188.0,-108.33,189.0,187.0,-105,-110,104,14,W,194
2014-05-10,away,San Antonio,Portland,1610612759,0041300223,51.3,-125,-105,-104,100,,-115,-56.0,100.0,-115.0,47.0,-1.5,-110,1.0,-110,1.0,-110,1.0,-110,-1.0,-105,0.0,-110,0.08,-109.17,1.0,-1.5,-105,-110,49.8,209.5,-110,208.0,-105,208.0,-105,208.5,-110,209,-110,208.0,-115,208.5,-109.17,209.5,208.0,-105,-115,118,15,W,221
2014-05-10,home,Portland,San Antonio,1610612757,0041300223,48.7,105,-105,-106,-120,,-105,-109.0,-105.0,-120.0,53.0,1.5,-110,-1.0,-100,-1.0,-100,-1.0,-110,1.0,-115,0.0,-110,-0.08,-107.5,1.5,-1.0,-100,-115,50.2,209.5,-110,208.0,-105,208.0,-105,208.5,-110,209,-110,208.0,-105,208.5,-107.5,209.5,208.0,-105,-110,103,-15,L,221
2014-05-11,away,Indiana,Washington,1610612754,0041300204,61.9,175,148,150,140,135.0,140,142.6,150.0,135.0,52.3,5.0,-110,3.5,-103,3.5,-103,3.5,-110,3.5,-110,3.5,-114,3.75,-108.33,5.0,3.5,-103,-114,52.9,180.0,-110,179.5,-108,179.5,-107,179.5,-110,181,-105,180.0,-110,179.92,-108.33,181.0,179.5,-105,-110,95,3,W,187
2014-05-11,home,Washington,Indiana,1610612764,0041300204,38.1,-205,-164,-160,-160,-155.0,-160,-159.8,-155.0,-164.0,47.7,-4.5,-110,-3.5,-107,-3.5,-107,-3.5,-110,-3.5,-110,-3.5,-106,-3.67,-108.33,-3.5,-4.5,-106,-110,47.1,180.0,-110,179.5,-102,179.5,-103,179.5,-110,181,-115,180.0,-110,179.92,-108.33,181.0,179.5,-102,-115,92,-3,L,187
2014-05-11,away,Oklahoma City,L.A. Clippers,1610612760,0041300234,50.1,180,185,195,190,180.0,180,186.0,195.0,180.0,53.3,5.0,-110,5.0,-107,5.0,-105,5.0,-110,5.0,-120,5.0,-110,5.0,-110.33,5.0,5.0,-105,-120,60.6,215.0,-110,213.5,-107,213.5,-108,214.0,-110,215,-110,214.0,-110,214.17,-109.17,215.0,213.5,-107,-110,99,-2,L,200
2014-05-11,home,L.A. Clippers,Oklahoma City,1610612746,0041300234,49.9,-210,-206,-215,-225,-220.0,-210,-215.2,-206.0,-225.0,46.7,-5.0,-110,-5.0,-103,-5.0,-105,-5.0,-110,-5.0,-100,-5.0,-110,-5.0,-106.33,-5.0,-5.0,-100,-110,39.4,215.0,-110,213.5,-103,213.5,-102,214.0,-110,215,-110,214.0,-110,214.17,-107.5,215.0,213.5,-102,-110,101,2,W,200
2014-05-12,away,Miami,Brooklyn,1610612748,0041300214,66.8,-145,-125,-125,-135,-150.0,-136,-134.2,-125.0,-150.0,64.5,-2.5,-110,-2.0,-102,-2.0,-102,-2.0,-110,-3.0,-115,-2.5,-108,-2.33,-107.83,-2.0,-3.0,-102,-115,53.8,188.0,-110,186.5,-105,186.0,-105,186.0,-110,187,-115,186.5,-110,186.67,-109.17,188.0,186.0,-105,-115,102,6,W,198
2014-05-12,home,Brooklyn,Miami,1610612751,0041300214,33.2,125,113,115,115,130.0,116,117.8,130.0,113.0,35.5,2.5,-110,2.0,-108,2.0,-108,2.0,-110,3.0,-105,2.5,-112,2.33,-108.83,3.0,2.0,-105,-112,46.2,188.0,-110,186.5,-105,186.0,-105,186.0,-110,187,-105,186.5,-110,186.67,-107.5,188.0,186.0,-105,-110,96,-6,L,198
2014-05-12,away,San Antonio,Portland,1610612759,0041300224,49.7,-165,-180,-185,-190,-190.0,-190,-187.0,-180.0,-190.0,53.3,-3.5,-110,-4.5,-101,-4.5,-103,-4.5,-110,-5.0,-105,-4.5,-113,-4.42,-107.0,-3.5,-5.0,-101,-113,57.3,212.0,-110,210.5,-102,211.0,-101,211.0,-110,212,-105,210.5,-113,211.17,-106.83,212.0,210.5,-101,-113,92,-11,L,195
2014-05-12,home,Portland,San Antonio,1610612757,0041300224,50.3,145,162,170,165,165.0,165,165.4,170.0,162.0,46.7,3.5,-110,4.5,-109,4.5,-107,4.5,-110,5.0,-115,4.5,-107,4.42,-109.67,5.0,3.5,-107,-115,42.7,212.0,-110,210.5,-108,211.0,-109,211.0,-110,212,-115,210.5,-107,211.17,-109.83,212.0,210.5,-107,-115,103,11,W,195
2014-05-13,away,Washington,Indiana,1610612764,0041300205,49.1,185,200,205,190,190.0,195,196.0,205.0,190.0,0.0,5.0,-110,5.5,-107,5.5,-106,5.5,-110,5.5,-115,5.5,-110,5.42,-109.67,5.5,5.0,-106,-115,56.2,181.5,-110,181.5,-101,181.5,-105,182.0,-110,182,-110,181.5,-110,181.67,-107.67,182.0,181.5,-101,-110,102,23,W,181
2014-05-13,home,Indiana,Washington,1610612754,0041300205,50.9,-215,-224,-225,-225,-230.0,-225,-225.8,-224.0,-230.0,100.0,-5.0,-110,-5.5,-103,-5.5,-104,-5.5,-110,-5.5,-105,-5.5,-110,-5.42,-107.0,-5.0,-5.5,-103,-110,43.8,181.5,-110,181.5,-109,181.5,-105,182.0,-110,182,-110,181.5,-110,181.67,-109.0,182.0,181.5,-105,-110,79,-23,L,181
2014-05-13,away,L.A. Clippers,Oklahoma City,1610612746,0041300235,45.9,200,205,200,195,200.0,200,200.0,205.0,195.0,51.7,5.0,-110,5.5,-105,5.5,-110,5.5,-110,5.0,-105,5.5,-105,5.33,-107.5,5.5,5.0,-105,-110,0.0,212.5,-110,213.5,-105,214.0,-110,214.0,-110,214,-115,213.5,-110,213.58,-110.0,214.0,212.5,-105,-115,104,-1,L,209
2014-05-13,home,Oklahoma City,L.A. Clippers,1610612760,0041300235,54.1,-240,-230,-240,-230,-240.0,-240,-236.0,-230.0,-240.0,48.3,-5.0,-110,-5.5,-105,-5.5,-110,-5.5,-110,-5.0,-115,-5.5,-115,-5.33,-110.83,-5.0,-5.5,-105,-115,100.0,212.5,-110,213.5,-105,214.0,-110,214.0,-110,214,-105,213.5,-110,213.58,-108.33,214.0,212.5,-105,-110,105,1,W,209
2014-05-14,away,Brooklyn,Miami,1610612751,0041300215,41.4,260,295,290,275,270.0,280,282.0,295.0,270.0,47.0,7.0,-110,7.0,-101,7.0,-103,7.0,-110,7.0,-110,7.0,-110,7.0,-107.33,7.0,7.0,-101,-110,50.0,188.5,-110,189.0,-100,189.0,-101,189.0,-110,190,-110,189.0,-113,189.08,-107.33,190.0,188.5,-100,-113,94,-2,L,190
2014-05-14,home,Miami,Brooklyn,1610612748,0041300215,58.6,-310,-337,-320,-335,-340.0,-335,-333.4,-320.0,-340.0,53.0,-7.0,-110,-7.0,-109,-7.0,-107,-7.0,-110,-7.0,-110,-7.0,-110,-7.0,-109.33,-7.0,-7.0,-107,-110,50.0,188.5,-110,189.0,-110,189.0,-109,189.0,-110,190,-110,189.0,-107,189.08,-109.33,190.0,188.5,-107,-110,96,2,W,190
2014-05-14,away,Portland,San Antonio,1610612757,0041300225,49.7,315,326,345,320,295.0,320,321.2,345.0,295.0,50.2,8.0,-110,8.0,-103,8.5,-109,8.5,-110,8.0,-105,8.5,-110,8.25,-107.83,8.5,8.0,-103,-110,62.6,209.0,-110,209.0,-101,209.0,-107,209.0,-110,210,-105,209.0,-113,209.17,-107.67,210.0,209.0,-101,-113,82,-22,L,186
2014-05-14,home,San Antonio,Portland,1610612759,0041300225,50.3,-375,-375,-385,-400,-390.0,-380,-386.0,-375.0,-400.0,49.8,-8.0,-110,-8.0,-107,-8.5,-101,-8.5,-110,-8.0,-115,-8.5,-110,-8.25,-108.83,-8.0,-8.5,-101,-115,37.4,209.0,-110,209.0,-109,209.0,-103,209.0,-110,210,-115,209.0,-107,209.17,-109.0,210.0,209.0,-103,-115,104,22,W,186
2014-05-15,away,Indiana,Washington,1610612754,0041300206,65.9,175,166,167,160,145.0,162,160.0,167.0,145.0,59.1,4.5,-110,4.5,-108,4.5,-105,4.0,-110,3.5,-105,4.0,-112,4.17,-108.33,4.5,3.5,-105,-112,56.7,181.0,-110,180.5,-105,181.0,-102,180.5,-110,182,-110,180.5,-115,180.92,-108.67,182.0,180.5,-102,-115,93,13,W,173
2014-05-15,home,Washington,Indiana,1610612764,0041300206,34.1,-205,-185,-178,-185,-165.0,-182,-179.0,-165.0,-185.0,40.9,-4.5,-110,-4.5,-102,-4.5,-105,-4.0,-110,-3.5,-115,-4.0,-108,-4.17,-108.33,-3.5,-4.5,-102,-115,43.3,181.0,-110,180.5,-105,181.0,-108,180.5,-110,182,-110,180.5,-105,180.92,-108.0,182.0,180.5,-105,-110,80,-13,L,173
2014-05-15,away,Oklahoma City,L.A. Clippers,1610612760,0041300236,55.8,175,164,165,165,160.0,157,162.2,165.0,157.0,54.7,4.5,-110,4.5,-107,4.0,-105,4.0,-110,4.0,-110,4.0,-110,4.17,-108.67,4.5,4.0,-105,-110,57.4,212.0,-110,213.0,-103,213.0,-105,213.5,-110,213,-115,213.5,-110,213.0,-108.83,213.5,212.0,-103,-115,104,6,W,202
2014-05-15,home,L.A. Clippers,Oklahoma City,1610612746,0041300236,44.2,-205,-182,-175,-190,-180.0,-177,-180.8,-175.0,-190.0,45.3,-4.5,-110,-4.5,-103,-4.0,-105,-4.0,-110,-4.0,-110,-4.0,-110,-4.17,-108.0,-4.0,-4.5,-103,-110,42.6,212.0,-110,213.0,-107,213.0,-105,213.5,-110,213,-105,213.5,-110,213.0,-107.83,213.5,212.0,-105,-110,98,-6,L,202
2014-05-18,away,Miami,Indiana,1610612748,0041300301,60.0,-136,-120,-128,-135,-150.0,-135,-133.6,-120.0,-150.0,55.9,-2.0,-110,-1.5,-108,-2.0,-101,-1.5,-110,-3.0,-110,-2.0,-105,-2.0,-107.33,-1.5,-3.0,-101,-110,57.1,181.0,-110,182.0,-102,182.0,-105,182.0,-110,183,-105,182.0,-110,182.0,-107.0,183.0,181.0,-102,-110,96,-11,L,203
2014-05-18,home,Indiana,Miami,1610612754,0041300301,40.0,116,109,118,115,130.0,115,117.4,130.0,109.0,44.1,2.0,-110,1.5,-102,2.0,-109,1.5,-110,3.0,-110,2.0,-115,2.0,-109.33,3.0,1.5,-102,-115,42.9,181.0,-110,182.0,-108,182.0,-105,182.0,-110,183,-115,182.0,-110,182.0,-109.67,183.0,181.0,-105,-115,107,11,W,203
2014-05-19,away,Oklahoma City,San Antonio,1610612760,0041300311,58.3,170,222,230,220,200.0,220,218.4,230.0,200.0,52.8,4.5,-110,6.0,-103,6.0,-105,6.0,-110,5.5,-105,6.0,-112,5.67,-107.5,6.0,4.5,-103,-112,7.1,209.0,-110,208.5,-101,209.0,-102,209.0,-110,210,-105,209.0,-110,209.08,-106.33,210.0,208.5,-101,-110,105,-17,L,227
2014-05-19,home,San Antonio,Oklahoma City,1610612759,0041300311,41.7,-195,-250,-250,-270,-240.0,-260,-254.0,-240.0,-270.0,47.2,-4.5,-110,-6.0,-107,-6.0,-105,-6.0,-110,-5.5,-115,-6.0,-108,-5.67,-109.17,-4.5,-6.0,-105,-115,92.9,209.0,-110,208.5,-109,209.0,-108,209.0,-110,210,-115,209.0,-110,209.08,-110.33,210.0,208.5,-108,-115,122,17,W,227
2014-05-20,away,Miami,Indiana,1610612748,0041300302,63.1,-140,-137,-140,-145,-165.0,-147,-146.8,-137.0,-165.0,63.5,-2.0,-110,-2.5,-100,-2.5,-102,-2.5,-110,-3.5,-110,-2.5,-110,-2.58,-107.0,-2.0,-3.5,-100,-110,50.0,183.0,-110,184.5,-100,184.5,-102,184.0,-110,186,-110,184.5,-110,184.42,-107.0,186.0,183.0,-100,-110,87,4,W,170
2014-05-20,home,Indiana,Miami,1610612754,0041300302,36.9,120,124,130,125,145.0,127,130.2,145.0,124.0,36.5,2.0,-110,2.5,-110,2.5,-108,2.5,-110,3.5,-110,2.5,-110,2.58,-109.67,3.5,2.0,-108,-110,50.0,183.0,-110,184.5,-110,184.5,-108,184.0,-110,186,-110,184.5,-110,184.42,-109.67,186.0,183.0,-108,-110,83,-4,L,170
2014-05-21,away,Oklahoma City,San Antonio,1610612760,0041300312,53.6,215,199,195,185,185.0,190,190.8,199.0,185.0,49.3,6.0,-110,-1.5,-113,5.0,-103,5.0,-110,5.0,-105,5.0,-110,4.08,-108.5,6.0,-1.5,-103,-113,57.7,210.5,-110,209.5,-102,210.0,-101,210.0,-110,211,-115,209.5,-110,210.08,-108.0,211.0,209.5,-101,-115,77,-35,L,189
2014-05-21,home,San Antonio,Oklahoma City,1610612759,0041300312,46.4,-255,-222,-215,-220,-225.0,-220,-220.4,-215.0,-225.0,50.7,-6.0,-110,1.5,-102,-5.0,-107,-5.0,-110,-5.0,-115,-5.0,-110,-4.08,-109.0,1.5,-6.0,-102,-115,42.3,210.5,-110,209.5,-108,210.0,-109,210.0,-110,211,-105,209.5,-110,210.08,-108.67,211.0,209.5,-105,-110,112,35,W,189
2014-05-24,away,Indiana,Miami,1610612754,0041300303,0.0,245,235,245,235,250.0,230,239.0,250.0,230.0,46.4,7.5,-110,5.5,-101,6.0,-109,6.0,-110,7.0,-125,5.5,-110,6.25,-110.83,7.5,5.5,-101,-125,53.2,183.5,-110,181.5,-105,182.0,-105,182.0,-110,184,-105,182.0,-105,182.5,-106.67,184.0,181.5,-105,-110,87,-12,L,186
2014-05-24,home,Miami,Indiana,1610612748,0041300303,100.0,-290,-265,-265,-285,-300.0,-275,-278.0,-265.0,-300.0,53.6,-7.5,-110,-5.5,-109,-6.0,-101,-6.0,-110,-7.0,-105,-5.5,-110,-6.25,-107.5,-5.5,-7.5,-101,-110,46.8,183.5,-110,181.5,-105,182.0,-105,182.0,-110,184,-115,182.0,-115,182.5,-110.0,184.0,181.5,-105,-115,99,12,W,186
2014-05-25,away,San Antonio,Oklahoma City,1610612759,0041300313,49.5,125,125,125,125,,125,125.0,125.0,125.0,49.5,2.5,-110,2.5,-107,2.5,-105,2.5,-110,2.0,-110,2.5,-110,2.42,-108.67,2.5,2.0,-105,-110,56.8,210.0,-110,208.0,-103,208.0,-108,208.5,-110,209,-115,208.5,-110,208.67,-109.33,210.0,208.0,-103,-115,97,-9,L,203
2014-05-25,home,Oklahoma City,San Antonio,1610612760,0041300313,50.5,-145,-138,-135,-145,,-145,-140.75,-135.0,-145.0,50.5,-2.5,-110,-2.5,-103,-2.5,-105,-2.5,-110,-2.0,-110,-2.5,-110,-2.42,-108.0,-2.0,-2.5,-103,-110,43.2,210.0,-110,208.0,-107,208.0,-102,208.5,-110,209,-105,208.5,-110,208.67,-107.33,210.0,208.0,-102,-110,106,9,W,203
2014-05-26,away,Indiana,Miami,1610612754,0041300304,51.7,260,244,248,235,240.0,230,239.4,248.0,230.0,53.2,7.0,-110,6.0,-103,6.0,-103,6.0,-110,6.0,-110,6.0,-110,6.17,-107.67,7.0,6.0,-103,-110,49.8,183.5,-110,182.5,-102,182.5,-105,182.5,-110,184,-110,182.5,-105,182.92,-107.0,184.0,182.5,-102,-110,90,-12,L,192
2014-05-26,home,Miami,Indiana,1610612748,0041300304,48.3,-310,-275,-270,-285,-280.0,-275,-277.0,-270.0,-285.0,46.8,-7.0,-110,-6.0,-107,-6.0,-107,-6.0,-110,-6.0,-110,-6.0,-110,-6.17,-109.0,-6.0,-7.0,-107,-110,50.2,183.5,-110,182.5,-108,182.5,-105,182.5,-110,184,-110,182.5,-115,182.92,-109.67,184.0,182.5,-105,-115,102,12,W,192
2014-05-27,away,San Antonio,Oklahoma City,1610612759,0041300314,52.5,120,116,122,115,,115,117.0,122.0,115.0,44.4,2.5,-110,2.0,-102,2.5,-109,2.5,-110,2.5,-115,2.5,-110,2.42,-109.33,2.5,2.0,-102,-115,56.1,208.0,-110,207.5,-107,207.5,-107,208.0,-110,208,-115,208.0,-110,207.83,-109.83,208.0,207.5,-107,-115,92,-13,L,197
2014-05-27,home,Oklahoma City,San Antonio,1610612760,0041300314,47.5,-140,-128,-132,-135,,-135,-132.5,-128.0,-135.0,55.6,-2.5,-110,-2.0,-108,-2.5,-101,-2.5,-110,-2.5,-105,-2.5,-110,-2.42,-107.33,-2.0,-2.5,-101,-110,43.9,208.0,-110,207.5,-103,207.5,-103,208.0,-110,208,-105,208.0,-110,207.83,-106.83,208.0,207.5,-103,-110,105,13,W,197
2014-05-28,away,Miami,Indiana,1610612748,0041300305,48.9,-130,101,102,-105,,-103,-1.25,102.0,-105.0,52.3,-2.0,-110,1.0,-104,1.0,-105,1.5,-110,-2.0,-105,1.0,-110,0.08,-107.33,1.5,-2.0,-104,-110,0.0,184.0,-110,183.5,-102,183.0,-107,183.5,-110,184,-120,183.5,-115,183.58,-110.67,184.0,183.0,-102,-120,90,-3,L,183
2014-05-28,home,Indiana,Miami,1610612754,0041300305,51.1,110,-111,-112,-115,,-117,-113.75,-111.0,-117.0,47.7,2.0,-110,-1.0,-106,-1.0,-105,-1.5,-110,2.0,-115,-1.0,-110,-0.08,-109.33,2.0,-1.5,-105,-115,100.0,184.0,-110,183.5,-108,183.0,-103,183.5,-110,184,-100,183.5,-105,183.58,-106.0,184.0,183.0,-100,-110,93,3,W,183
2014-05-29,away,Oklahoma City,San Antonio,1610612760,0041300315,51.0,170,198,190,190,170.0,195,188.6,198.0,170.0,45.0,4.5,-110,5.0,-100,5.0,-103,5.0,-110,5.0,-115,5.0,-110,4.92,-108.0,5.0,4.5,-100,-115,49.4,206.5,-110,206.5,-105,207.0,-102,207.0,-110,208,-105,207.0,-110,207.0,-107.0,208.0,206.5,-102,-110,89,-28,L,206
2014-05-29,home,San Antonio,Oklahoma City,1610612759,0041300315,49.0,-195,-221,-210,-220,-200.0,-225,-215.2,-200.0,-225.0,55.0,-4.5,-110,-5.0,-110,-5.0,-107,-5.0,-110,-5.0,-105,-5.0,-110,-4.92,-108.67,-4.5,-5.0,-105,-110,50.6,206.5,-110,206.5,-105,207.0,-108,207.0,-110,208,-115,207.0,-110,207.0,-109.67,208.0,206.5,-105,-115,117,28,W,206
2014-05-30,away,Indiana,Miami,1610612754,0041300306,31.7,245,354,380,345,325.0,335,347.8,380.0,325.0,34.0,6.0,-105,8.0,-105,8.5,-107,8.5,-110,8.5,-115,8.5,-110,8.0,-108.67,8.5,6.0,-105,-115,64.3,183.5,-110,181.5,-105,182.5,-105,182.5,-110,184,-110,182.5,-110,182.75,-108.33,184.0,181.5,-105,-110,92,-25,L,209
2014-05-30,home,Miami,Indiana,1610612748,0041300306,68.3,-290,-411,-430,-435,-450.0,-405,-426.2,-405.0,-450.0,66.0,-6.0,-115,-8.0,-105,-8.5,-103,-8.5,-110,-8.5,-105,-8.5,-110,-8.0,-108.0,-6.0,-8.5,-103,-115,35.7,183.5,-110,181.5,-105,182.5,-105,182.5,-110,184,-110,182.5,-110,182.75,-108.33,184.0,181.5,-105,-110,117,25,W,209
2014-05-31,away,San Antonio,Oklahoma City,1610612759,0041300316,47.5,145,140,150,140,150.0,140,144.0,150.0,140.0,0.0,3.0,-110,3.5,-110,3.5,-105,4.0,-110,4.0,-100,3.5,-105,3.58,-106.67,4.0,3.0,-100,-110,33.3,206.5,-110,206.0,-109,206.5,-103,206.5,-110,207,-105,206.0,-110,206.42,-107.83,207.0,206.0,-103,-110,112,5,W,219
2014-05-31,home,Oklahoma City,San Antonio,1610612760,0041300316,52.5,-165,-155,-160,-160,-170.0,-160,-161.0,-155.0,-170.0,100.0,-3.0,-110,-3.5,-100,-3.5,-105,-4.0,-110,-4.0,-120,-3.5,-115,-3.58,-110.0,-3.0,-4.0,-100,-120,66.7,206.5,-110,206.0,-101,206.5,-107,206.5,-110,207,-115,206.0,-110,206.42,-108.83,207.0,206.0,-101,-115,107,-5,L,219
2014-06-05,away,Miami,San Antonio,1610612748,0041300401,54.4,152,189,195,190,170.0,183,185.4,195.0,170.0,42.4,3.5,-110,5.5,-108,5.0,-101,5.5,-110,5.0,-115,5.5,-115,5.0,-109.83,5.5,3.5,-101,-115,54.6,199.0,-110,198.5,-101,198.5,-102,198.5,-110,199,-110,198.5,-110,198.67,-107.17,199.0,198.5,-101,-110,95,-15,L,205
2014-06-05,home,San Antonio,Miami,1610612759,0041300401,45.6,-172,-211,-215,-225,-200.0,-213,-212.8,-200.0,-225.0,57.6,-3.5,-110,-5.5,-102,-5.0,-109,-5.5,-110,-5.0,-105,-5.5,-105,-5.0,-106.83,-3.5,-5.5,-102,-110,45.4,199.0,-110,198.5,-109,198.5,-108,198.5,-110,199,-110,198.5,-110,198.67,-109.5,199.0,198.5,-108,-110,110,15,W,205
2014-06-08,away,Miami,San Antonio,1610612748,0041300402,60.4,165,151,165,150,130.0,147,148.6,165.0,130.0,43.7,4.0,-110,4.0,-105,4.0,-101,3.5,-110,3.5,-110,4.0,-110,3.83,-107.67,4.0,3.5,-101,-110,51.5,198.0,-110,198.5,-107,198.5,-105,198.5,-110,200,-110,198.5,-114,198.67,-109.33,200.0,198.0,-105,-114,98,2,W,194
2014-06-08,home,San Antonio,Miami,1610612759,0041300402,39.6,-190,-167,-175,-170,-150.0,-167,-165.8,-150.0,-175.0,56.3,-4.0,-110,-4.0,-105,-4.0,-109,-3.5,-110,-3.5,-110,-4.0,-110,-3.83,-109.0,-3.5,-4.0,-105,-110,48.5,198.0,-110,198.5,-103,198.5,-105,198.5,-110,200,-110,198.5,-106,198.67,-107.33,200.0,198.0,-103,-110,96,-2,L,194
2014-06-10,away,San Antonio,Miami,1610612759,0041300403,40.8,160,169,175,165,165.0,160,166.8,175.0,160.0,46.0,4.0,-110,4.5,-108,4.5,-109,4.5,-110,4.5,-115,4.0,-110,4.33,-110.33,4.5,4.0,-108,-115,48.5,198.0,-110,197.0,-102,197.0,-105,197.5,-110,198,-110,197.0,-110,197.42,-107.83,198.0,197.0,-102,-110,111,19,W,203
2014-06-10,home,Miami,San Antonio,1610612748,0041300403,59.2,-180,-188,-190,-190,-190.0,-180,-187.6,-180.0,-190.0,54.0,-4.0,-110,-4.5,-102,-4.5,-101,-4.5,-110,-4.5,-105,-4.0,-110,-4.33,-106.33,-4.0,-4.5,-101,-110,51.5,198.0,-110,197.0,-108,197.0,-105,197.5,-110,198,-110,197.0,-110,197.42,-108.83,198.0,197.0,-105,-110,92,-19,L,203
2014-06-12,away,San Antonio,Miami,1610612759,0041300404,50.0,195,205,205,205,205.0,200,204.0,205.0,200.0,46.1,5.0,-110,5.0,-104,5.0,-105,5.0,-110,5.0,-105,5.0,-110,5.0,-107.33,5.0,5.0,-104,-110,39.2,198.0,-110,195.0,-105,195.5,-103,196.0,-110,197,-105,196.0,-110,196.25,-107.17,198.0,195.0,-103,-110,107,21,W,193
2014-06-12,home,Miami,San Antonio,1610612748,0041300404,50.0,-225,-230,-225,-245,-245.0,-240,-237.0,-225.0,-245.0,53.9,-5.0,-110,-5.0,-106,-5.0,-105,-5.0,-110,-5.0,-115,-5.0,-110,-5.0,-109.33,-5.0,-5.0,-105,-115,60.8,198.0,-110,195.0,-105,195.5,-107,196.0,-110,197,-115,196.0,-110,196.25,-109.5,198.0,195.0,-105,-115,86,-21,L,193
2014-06-15,away,Miami,San Antonio,1610612748,0041300405,61.4,200,200,190,185,160.0,177,182.4,200.0,160.0,35.6,5.5,-110,5.5,-103,5.5,-105,5.5,-110,5.0,-110,5.5,-117,5.42,-109.17,5.5,5.0,-103,-117,50.0,196.5,-110,197.5,-105,197.5,-105,197.5,-110,198,-115,197.5,-110,197.42,-109.17,198.0,196.5,-105,-115,87,-17,L,191
2014-06-15,home,San Antonio,Miami,1610612759,0041300405,38.6,-240,-224,-210,-215,-190.0,-207,-209.2,-190.0,-224.0,64.4,-5.5,-110,-5.5,-107,-5.5,-105,-5.5,-110,-5.0,-110,-5.5,-103,-5.42,-107.5,-5.0,-5.5,-103,-110,50.0,196.5,-110,197.5,-105,197.5,-105,197.5,-110,198,-105,197.5,-110,197.42,-107.5,198.0,196.5,-105,-110,104,17,W,191
